date,open,high,low,close,volume
2016-02-04,36.51500,37.05000,36.05000,36.85000,28400
2016-02-05,36.44000,36.80000,35.35000,35.94000,17200
2016-02-08,35.72000,35.73000,33.76000,33.81000,14600
2016-02-09,32.88000,33.91000,32.71000,33.18000,34700
2016-02-10,33.89000,34.48000,33.15000,33.85000,36300
2016-02-11,34.03000,36.18000,33.84000,35.96000,26900
2016-02-12,36.10000,37.04000,36.10000,36.82000,23400
2016-02-16,36.96000,37.81000,36.96000,37.56000,14800
2016-02-17,37.82000,38.88000,37.64000,38.64000,14400
2016-02-18,39.20000,39.69000,39.12000,39.12000,33900
2016-02-19,39.05000,39.31000,38.78000,39.06000,20900
2016-02-22,39.15000,39.15000,37.83000,37.85000,19800
2016-02-23,37.88000,38.12000,37.30000,37.42000,27400
2016-02-24,37.07200,37.61000,36.70000,37.45000,26300
2016-02-25,37.90000,38.50000,37.77000,38.41000,113100
2016-02-26,38.34000,39.23000,38.33000,39.00000,41500
2016-02-29,38.93500,39.23000,38.77000,38.99000,44800
2016-03-01,38.77000,39.28000,38.77000,39.06000,24800
2016-03-02,39.05000,40.82000,38.89000,40.26000,43800
2016-03-03,40.34000,41.01600,40.34000,40.59000,55300
2016-03-04,40.69500,40.70000,39.83000,40.27000,33000
2016-03-07,40.90000,40.90000,39.89500,39.99000,24500
2016-03-08,39.64000,39.91000,39.34000,39.82000,25700
2016-03-09,39.96000,40.74000,39.95000,40.64000,11200
2016-03-10,40.56000,40.68000,39.61000,40.15000,22900
2016-03-11,40.58000,40.87000,40.29000,40.50000,68300
2016-03-14,40.53000,40.53000,40.23000,40.42000,24100
2016-03-15,40.12000,40.25000,39.75000,40.01000,39300
2016-03-16,40.07000,41.05000,40.07000,40.66000,19100
2016-03-17,41.07000,41.07000,39.76000,40.59500,25300
2016-03-18,40.28600,40.78000,40.28600,40.55000,38300
2016-03-21,40.60000,41.20600,40.08000,40.32000,45700
2016-03-22,39.81000,40.83000,39.81000,40.49000,24400
2016-03-23,40.04000,40.50000,39.81000,40.11000,27700
2016-03-24,39.77000,40.35000,39.58000,40.25000,39900
2016-03-28,39.98000,40.34000,39.98000,40.26000,21300
2016-03-29,40.06000,41.03000,40.06000,40.22000,54700
2016-03-30,40.36000,40.98000,40.20000,40.43000,57100
2016-03-31,41.26000,41.26000,40.56000,40.94000,23800
2016-04-01,40.75000,40.88000,40.17000,40.42000,31700
2016-04-04,40.81000,41.00000,40.19000,40.68000,32000
2016-04-05,40.41000,41.56000,40.02000,41.44000,25200
2016-04-06,41.52000,44.05500,41.52000,42.61000,73600
2016-04-07,42.41000,42.92000,42.13000,42.33000,26700
2016-04-08,42.51000,43.22000,42.09000,42.31000,15600
2016-04-11,42.56000,43.73000,42.49000,43.52000,35700
2016-04-12,43.31000,44.07000,43.31000,43.63000,41000
2016-04-13,43.62000,44.05000,43.44000,44.03000,39300
2016-04-14,43.83000,43.84000,42.87000,43.04000,57200
2016-04-15,42.77000,43.31000,42.77000,42.98000,32700
2016-04-18,42.84000,43.41000,42.61000,43.12000,69000
2016-04-19,43.11000,43.69000,43.11000,43.46000,58100
2016-04-20,43.44000,43.78000,43.38000,43.48000,24300
2016-04-21,43.39000,43.47000,42.93000,42.98000,49500
2016-04-22,43.22000,43.27000,42.62000,42.62000,46200
2016-04-25,42.48000,43.26000,42.41000,43.03000,34400
2016-04-26,43.41000,43.85000,43.17000,43.38000,50100
2016-04-27,43.58000,45.41900,43.58000,43.78000,40400
2016-04-28,43.84000,44.88000,43.84000,44.57000,44300
2016-04-29,44.72000,45.10000,44.42000,45.01000,79600
2016-05-02,45.14000,46.26000,45.14000,46.07000,98400
2016-05-03,45.97000,46.01000,44.95000,45.15000,32500
2016-05-04,44.34000,44.67000,44.14000,44.55000,91800
2016-05-05,45.13000,45.26000,44.54000,45.01000,73100
2016-05-06,44.98000,46.94000,44.98000,46.86000,43200
2016-05-09,46.90000,46.90000,45.34000,45.42000,105400
2016-05-10,45.41000,45.81000,45.06000,45.10000,42100
2016-05-11,44.93000,47.11000,44.93000,46.80000,44100
2016-05-12,46.73000,47.05000,45.41000,45.84000,52300
2016-05-13,45.71000,45.92000,44.77000,45.55000,26600
2016-05-16,45.55000,46.08000,45.12000,45.28000,37400
2016-05-17,45.10000,45.30000,44.37000,44.58000,17500
2016-05-18,44.28000,44.92000,44.27000,44.63000,28600
2016-05-19,44.44000,45.66000,44.00000,45.13000,21800
2016-05-20,45.87000,45.87000,44.97000,45.56000,13300
2016-05-23,45.52000,45.52000,45.14500,45.18000,4500
2016-05-24,45.66500,46.19000,45.63000,46.18000,14200
2016-05-25,46.09000,46.88000,46.09000,46.42000,23400
2016-05-26,46.65000,46.65000,45.74200,46.20000,20400
2016-05-27,46.62000,47.11000,46.49000,46.97000,12700
2016-05-31,47.01000,47.28000,46.25000,47.26000,22400
2016-06-01,47.84000,47.86500,46.26000,47.71000,25200
2016-06-02,47.09000,47.47400,46.84000,47.01000,16000
2016-06-03,47.10000,47.73000,47.10000,47.45000,12500
2016-06-06,47.81000,47.81000,46.94000,47.12000,13700
2016-06-07,46.18000,47.06000,45.75000,46.39000,52300
2016-06-08,46.13000,46.31000,45.92000,46.03000,21500
2016-06-09,45.67000,46.35000,45.45000,45.99000,49500
2016-06-10,46.35000,46.35000,45.09000,45.48000,22400
2016-06-13,45.15000,45.49000,44.76000,44.93000,20800
2016-06-14,44.51000,45.45000,44.39000,44.77000,16300
2016-06-15,44.53000,44.82000,44.05000,44.74000,52900
2016-06-16,44.61000,45.08000,44.12000,44.87000,15000
2016-06-17,44.83000,45.41000,44.80000,45.22000,11500
2016-06-20,45.62000,45.94000,45.37000,45.46000,13500
2016-06-21,45.57000,46.35000,45.57000,45.79000,9300
2016-06-22,45.72000,45.78000,44.69000,45.46000,20800
2016-06-23,45.51500,46.59000,45.51500,46.50000,13800
2016-06-24,45.13000,45.93000,42.92000,45.37000,24000
2016-06-27,44.67000,44.73000,43.72000,44.47000,21600
2016-06-28,44.54000,45.09000,43.98000,44.59000,38900
2016-06-29,43.69000,45.23000,43.69000,44.81000,21900
2016-06-30,44.84000,45.83000,44.67000,45.83000,24700
2016-07-01,45.88000,46.44000,45.67000,46.17000,47500
2016-07-05,45.63000,45.64000,45.19000,45.46000,17900
2016-07-06,45.10000,45.10000,43.66000,44.03000,29700
2016-07-07,44.25000,44.44000,43.97000,43.98000,10900
2016-07-08,43.83000,45.04000,43.81000,44.96000,17500
2016-07-11,44.89000,45.38000,44.70000,44.74000,13000
2016-07-12,45.63000,45.68000,44.70000,45.33000,26200
2016-07-13,45.18000,45.18000,44.71000,45.05000,9100
2016-07-14,45.36000,45.67000,44.45000,44.52000,24000
2016-07-15,44.60000,44.78000,44.09000,44.57000,29200
2016-07-18,44.32000,45.16000,44.32000,45.16000,9900
2016-07-19,45.00000,45.00000,43.84400,44.22000,23600
2016-07-20,44.36000,45.01000,43.98000,44.61000,19300
2016-07-21,44.56000,45.12000,44.24000,44.56000,22500
2016-07-22,44.43000,44.72000,44.42000,44.53000,19100
2016-07-25,44.64000,44.64000,43.77100,43.96000,35000
2016-07-26,44.11000,44.83000,43.71000,44.33000,17900
2016-07-27,43.81000,45.18000,43.81000,45.04000,30300
2016-07-28,44.02000,47.51000,44.02000,47.51000,62800
2016-07-29,47.26000,49.41000,47.26000,49.17000,36100
2016-08-01,49.20000,50.25000,48.78000,50.15000,36100
2016-08-02,50.00000,51.27000,49.97000,50.84000,51500
2016-08-03,50.87000,50.87000,50.00000,50.31500,27400
2016-08-04,49.94000,51.35000,49.88000,51.15000,12300
2016-08-05,51.19000,51.56000,50.28000,51.30000,26200
2016-08-08,51.27000,52.55000,51.27000,52.29000,29500
2016-08-09,52.50000,53.15000,52.14000,52.53000,30700
2016-08-10,52.43000,52.84000,51.44000,51.69000,9700
2016-08-11,52.02000,52.02000,51.20000,51.47000,26500
2016-08-12,51.77000,51.85000,50.84000,51.70000,13700
2016-08-15,51.88000,52.19000,51.41000,51.46000,9900
2016-08-16,51.51000,51.98000,51.33000,51.48000,7700
2016-08-17,51.50000,51.50000,50.93500,51.21000,11300
2016-08-18,51.19000,51.35000,51.01000,51.14000,5500
2016-08-19,50.97000,51.11000,49.44500,49.60000,34600
2016-08-22,49.43000,50.00000,49.29000,49.45000,22500
2016-08-23,49.32000,50.10000,49.32000,49.67000,26800
2016-08-24,49.31000,49.54000,49.31000,49.39000,9600
2016-08-25,49.45000,49.71000,49.34800,49.52000,16500
2016-08-26,49.65000,49.74500,48.78000,49.28000,13400
2016-08-29,49.27000,49.27000,48.55000,48.93000,13000
2016-08-30,48.86000,48.88000,47.69000,47.79000,14000
2016-08-31,47.35000,48.41000,47.35000,47.94000,118200
2016-09-01,48.05000,48.48000,47.61000,48.25000,18100
2016-09-02,48.51000,49.11000,48.51000,49.09000,20300
2016-09-06,49.31000,49.61000,48.77000,49.09000,25400
2016-09-07,48.87000,49.01000,48.42000,48.52000,10700
2016-09-08,48.74000,48.88000,48.64000,48.88000,18300
2016-09-09,48.55000,48.70000,46.55000,46.68000,16100
2016-09-12,46.21000,47.31000,45.67000,47.04000,21700
2016-09-13,46.98000,47.03000,46.23000,46.62000,13700
2016-09-14,46.76200,47.20000,46.13000,46.34000,15800
2016-09-15,47.17000,47.25000,46.33000,46.43000,10600
2016-09-16,46.50000,46.63000,45.12000,45.48000,16000
2016-09-19,45.67000,46.42000,45.51000,45.96000,108600
2016-09-20,46.88000,48.67000,45.19000,48.16000,98000
2016-09-21,48.58000,49.11000,48.30000,48.80000,81900
2016-09-22,48.82000,49.42000,48.82000,49.20000,108600
2016-09-23,49.19000,49.19000,48.28000,48.45000,9400
2016-09-26,48.17000,48.30000,47.65000,47.90000,7500
2016-09-27,47.65000,47.65000,46.72000,46.78000,17700
2016-09-28,46.91000,47.39000,46.65000,47.33500,9800
2016-09-29,47.45000,47.45000,45.52000,46.09000,23000
2016-09-30,46.29000,46.98000,45.63000,46.68000,32900
2016-10-03,46.22000,46.23500,44.93000,45.10000,60500
2016-10-04,45.11000,45.60000,43.51000,45.00000,21100
2016-10-05,45.72000,45.72000,45.12000,45.26000,31500
2016-10-06,45.25000,45.45000,44.82000,45.29000,15800
2016-10-07,45.26000,45.26000,44.37000,44.63000,15600
2016-10-10,45.53000,45.53000,44.53000,44.62000,25200
2016-10-11,44.67000,45.58000,43.85000,44.34000,15400
2016-10-12,44.52000,44.52000,43.78000,44.20000,55600
2016-10-13,43.93000,44.43000,43.83000,44.09000,57600
2016-10-14,44.26000,44.75000,44.24000,44.45000,72600
2016-10-17,44.61500,45.22000,44.33000,45.09000,52800
2016-10-18,45.56000,45.93000,45.30000,45.69000,16300
2016-10-19,45.63000,45.82000,45.12000,45.36000,22100
2016-10-20,45.13000,45.53000,44.75000,44.96000,26300
2016-10-21,44.90000,44.93000,44.30000,44.77000,34700
2016-10-24,44.83000,44.92000,44.38000,44.67000,12100
2016-10-25,44.77000,44.77000,43.98500,44.28000,25200
2016-10-26,44.74000,44.83000,42.22000,42.40000,55000
2016-10-27,42.53000,42.63000,41.92000,42.08000,42100
2016-10-28,41.84000,42.15000,40.93000,41.06000,49600
2016-10-31,41.19500,41.19500,40.46000,40.56000,43100
2016-11-01,40.66000,40.66000,39.42000,39.67000,82100
2016-11-02,39.77000,39.77000,39.05000,39.40000,83600
2016-11-03,39.37000,41.06000,39.37000,40.41000,81000
2016-11-04,40.35000,41.69000,39.85000,40.25000,69000
2016-11-07,40.52000,41.02000,40.27000,40.80000,42900
2016-11-08,40.79000,41.26000,40.79000,41.23000,35500
2016-11-09,40.78000,41.37000,40.43500,41.23000,38200
2016-11-10,41.53000,41.53000,40.50000,40.80000,51300
2016-11-11,40.71000,41.17000,40.70000,41.10000,54100
2016-11-14,41.22000,41.22000,40.70000,41.05000,28000
2016-11-15,41.34000,41.72000,41.18000,41.28000,45900
2016-11-16,41.41000,41.41000,40.15000,40.61000,46300
2016-11-17,40.78000,41.28000,40.64500,41.19000,71500
2016-11-18,41.29000,41.40000,40.87000,40.87000,58000
2016-11-21,40.86000,41.43000,40.22000,40.44000,53500
2016-11-22,40.38000,40.80000,40.19000,40.59000,161600
2016-11-23,40.55000,41.23000,40.32000,41.02000,57900
2016-11-25,41.19000,41.31000,40.76000,40.89000,17100
2016-11-28,40.97000,42.66000,40.96000,42.56000,78700
2016-11-29,42.65000,43.58000,42.50000,43.44000,57100
2016-11-30,43.51000,43.54000,43.00000,43.41000,47700
2016-12-01,43.71000,43.94000,43.31000,43.85000,41400
2016-12-02,43.69000,44.47000,43.58000,43.71000,42600
2016-12-05,43.92000,44.01000,43.74000,44.01000,28900
2016-12-06,44.04000,44.46000,43.79000,44.33000,19300
2016-12-07,44.40000,44.40000,44.09500,44.38000,28700
2016-12-08,44.31000,45.20000,44.15000,45.05000,25800
2016-12-09,45.35000,45.56900,44.89000,45.33000,33600
2016-12-12,46.22000,48.18000,46.22000,47.05000,82100
2016-12-13,47.28000,47.61000,46.93000,47.18000,92700
2016-12-14,47.27000,47.48000,46.74000,46.96000,53200
2016-12-15,46.37000,46.69000,45.95000,46.12000,45700
2016-12-16,46.01000,46.85000,45.96000,46.49000,39000
2016-12-19,46.75000,46.75000,46.28000,46.53000,17300
2016-12-20,46.41000,46.82000,46.31000,46.82000,27700
2016-12-21,46.88000,46.96000,46.35000,46.43000,15400
2016-12-22,46.04000,46.52000,46.04000,46.30000,12600
2016-12-23,46.40000,47.19000,46.26000,47.02000,103000
2016-12-27,47.31000,47.87000,46.99000,47.39000,22800
2016-12-28,47.28000,47.40000,46.98000,47.26000,22300
2016-12-29,47.30000,47.78000,47.29000,47.69000,9900
2016-12-30,47.79000,47.80000,47.42000,47.48000,7800
2017-01-03,47.68000,47.96000,47.11000,47.64000,35800
2017-01-04,48.12000,48.19000,47.75000,47.90000,30000
2017-01-05,47.81000,48.25000,47.59000,47.87000,74300
2017-01-06,47.83000,48.29000,47.81000,48.11000,49700
2017-01-09,48.06000,48.30000,47.82000,48.19000,25200
2017-01-10,48.27000,48.62000,48.23000,48.45000,26400
2017-01-11,48.46000,49.45000,48.45000,49.45000,52100
2017-01-12,49.52000,49.56000,49.06100,49.50000,35100
2017-01-13,49.25000,49.96000,49.19000,49.80000,17200
2017-01-17,49.79000,49.82000,49.22000,49.42000,13600
2017-01-18,49.28000,49.54000,48.88000,49.04000,38500
2017-01-19,49.00000,49.10000,48.73000,48.80000,122100
2017-01-20,48.71000,49.42000,47.60000,49.20000,95600
2017-01-23,48.83000,49.49000,48.76000,49.23000,28100
2017-01-24,49.25000,50.09000,49.19000,49.29000,32300
2017-01-25,49.59000,50.04000,49.42000,50.04000,15200
2017-01-26,50.02000,50.43000,49.66000,49.71000,18000
2017-01-27,49.54000,49.85000,49.37000,49.82000,26200
2017-01-30,49.36000,49.83000,49.07000,49.56000,20100
2017-01-31,50.06000,50.17000,49.85000,49.89000,32600
2017-02-01,49.75000,50.35000,49.43000,50.17000,128800
2017-02-02,50.15000,50.15000,49.95000,50.03000,85900
2017-02-03,50.00000,50.46000,49.89000,49.94000,39600
2017-02-06,49.69000,49.97700,49.55000,49.85000,24000
2017-02-07,49.80000,50.32000,49.80000,50.19000,182800
2017-02-08,50.40000,51.21000,50.18500,50.86000,60600
2017-02-09,51.09000,51.50000,50.89000,51.32000,95400
2017-02-10,51.50000,56.37000,51.50000,54.88000,375800
2017-02-13,55.44000,55.63000,54.69000,54.88000,162500
2017-02-14,54.58000,56.01000,54.58000,55.66000,148900
2017-02-15,55.55000,55.96000,55.23000,55.66000,140200
2017-02-16,56.03000,56.66000,55.81000,56.57000,147200
2017-02-17,56.44000,57.22000,56.44000,56.71000,113600
2017-02-21,56.73000,56.79000,56.22000,56.38000,87900
2017-02-22,56.58000,56.58000,55.76000,56.16000,43000
2017-02-23,56.26000,56.86000,56.18000,56.30000,27700
2017-02-24,55.98000,57.10500,55.80000,56.41000,46400
2017-02-27,56.39000,56.48000,55.66000,56.34000,57500
2017-02-28,56.14000,58.15000,56.14000,57.79000,87100
2017-03-01,58.23000,58.23000,56.69500,57.24000,79600
2017-03-02,57.07100,57.35500,56.49000,56.81000,36100
2017-03-03,56.45000,57.30000,56.45000,56.80000,38500
2017-03-06,56.50000,56.51000,55.98000,56.24000,43900
2017-03-07,55.86000,56.41000,55.77700,56.23000,33300
2017-03-08,55.79000,56.02000,54.81000,55.04000,53800
2017-03-09,54.81000,56.77000,54.80000,56.73000,48800
2017-03-10,56.98000,57.58000,56.49000,57.06000,33000
2017-03-13,57.09000,57.32000,56.56000,56.98000,21600
2017-03-14,57.06000,57.06000,55.52000,56.03000,74700
2017-03-15,56.72000,57.08000,56.04000,57.03000,32700
2017-03-16,57.08000,57.60000,56.66000,57.21000,36500
2017-03-17,56.99000,58.56000,56.99000,58.01000,51700
2017-03-20,58.20000,58.41000,57.74000,58.14000,35300
2017-03-21,58.98000,59.61000,58.29000,58.46000,55500
2017-03-22,58.47000,58.88000,58.18000,58.71000,32100
2017-03-23,58.68000,59.03000,58.53000,58.83000,28100
2017-03-24,59.08000,59.31000,58.87000,59.07000,24900
2017-03-27,58.86000,58.86000,58.22000,58.52000,50900
2017-03-28,58.63000,59.68000,58.12000,59.45000,55100
2017-03-29,59.54000,59.96000,58.74000,59.50000,37400
2017-03-30,59.73000,60.06000,59.47500,59.87000,35800
2017-03-31,59.80000,60.90000,59.80000,60.30000,65800
2017-04-03,60.18000,60.26000,59.60000,60.08000,24700
2017-04-04,60.17000,60.30000,59.31000,60.05000,28800
2017-04-05,60.40000,60.62500,59.87000,60.33000,37600
2017-04-06,60.70000,60.70000,60.02000,60.25000,31000
2017-04-07,60.64000,61.19000,60.51000,60.62000,27800
2017-04-10,60.98000,61.10000,60.72000,61.04000,22400
2017-04-11,61.05000,61.19000,60.71000,60.76000,67800
2017-04-12,60.87000,61.78000,60.84000,61.01500,47300
2017-04-13,60.00000,60.86000,59.69000,59.77000,45700
2017-04-17,59.73000,59.86000,58.37000,59.56000,55000
2017-04-18,59.56000,60.41000,59.55000,60.11000,59600
2017-04-19,60.02000,61.73000,60.02000,61.51000,69700
2017-04-20,61.50000,61.93000,60.83000,60.98000,26000
2017-04-21,60.84000,61.23000,60.45000,60.74000,19300
2017-04-24,61.25000,61.26000,60.43000,61.04000,27600
2017-04-25,60.95000,61.11000,59.86500,60.52000,41400
2017-04-26,60.92000,62.75000,60.63000,61.55000,83000
2017-04-27,61.87000,63.58000,61.27000,62.75000,90300
2017-04-28,63.09000,63.09000,61.22000,62.13000,30100
2017-05-01,61.99000,62.37000,61.81000,62.00000,16400
2017-05-02,62.04000,62.88000,62.04000,62.42000,29700
2017-05-03,61.82000,62.22000,61.51000,61.95000,24600
2017-05-04,62.05000,62.05000,60.27000,61.55000,26800
2017-05-05,61.71000,62.76000,61.52000,62.46000,22900
2017-05-08,63.22000,63.22000,61.43000,62.29000,29100
2017-05-09,62.58000,62.58000,61.56000,61.56000,17300
2017-05-10,61.79000,61.79000,60.96000,61.35000,14900
2017-05-11,61.43000,61.43000,60.56000,61.09000,31000
2017-05-12,61.19000,61.39000,60.96000,61.08000,19800
2017-05-15,60.99000,61.50000,60.52000,61.16000,29800
2017-05-16,61.64000,62.42000,61.44000,62.00000,29100
2017-05-17,61.50000,61.88000,60.62000,60.87000,28300
2017-05-18,60.97000,61.16000,60.57000,60.99000,20700
2017-05-19,61.37000,61.46000,60.51000,61.36000,17500
2017-05-22,61.25000,62.42000,57.17000,61.64000,21200
2017-05-23,61.76000,62.00000,61.28000,61.67000,26500
2017-05-24,61.84000,62.55000,61.77000,62.28000,14000
2017-05-25,62.42000,63.09500,61.92000,62.71000,18500
2017-05-26,62.63000,62.85000,61.83000,62.34000,19700
2017-05-30,62.43000,62.44000,60.89000,61.25000,49000
2017-05-31,61.49000,63.07000,60.64000,62.84000,43000
2017-06-01,62.60000,63.73000,62.59000,63.55000,35700
2017-06-02,64.02000,65.01000,63.75000,64.48000,27300
2017-06-05,64.60000,64.87000,64.11000,64.57000,29400
2017-06-06,64.47000,65.00000,64.30000,64.73000,19000
2017-06-07,64.97000,64.97000,63.92000,64.15000,24700
2017-06-08,64.17000,64.17000,63.28000,63.43000,33200
2017-06-09,63.44000,63.84000,62.74000,62.99000,36500
2017-06-12,62.45000,63.01000,62.06000,62.93000,35500
2017-06-13,63.14000,63.64000,62.30000,62.70000,22900
2017-06-14,62.90000,63.20000,62.31000,62.59000,31300
2017-06-15,62.16000,62.37000,61.50000,62.25000,128400
2017-06-16,62.07000,62.32000,61.86000,62.05000,36700
2017-06-19,62.30000,62.86000,61.98000,62.46000,33500
2017-06-20,62.24000,62.33000,61.70000,61.87000,22300
2017-06-21,61.93000,63.36000,61.60000,63.19000,89800
2017-06-22,63.13000,63.48000,62.99000,63.26000,19700
2017-06-23,63.23000,63.74000,63.02000,63.33000,38300
2017-06-26,63.39000,63.41000,62.82000,63.03000,42600
2017-06-27,63.09000,63.35000,62.80800,63.08000,26800
2017-06-28,63.36000,65.43000,63.09000,65.34000,38700
2017-06-29,65.09000,65.09000,63.06000,63.96000,50400
2017-06-30,64.07000,64.16000,63.68000,63.98000,24500
2017-07-03,64.05000,64.64000,63.75000,64.64000,8000
2017-07-05,63.61000,63.99000,63.00000,63.28000,32200
2017-07-06,63.18000,63.53000,62.75000,63.00000,25300
2017-07-07,63.00000,63.63000,62.87000,63.18000,57500
2017-07-10,63.17000,63.65000,63.02000,63.43000,48200
2017-07-11,63.15000,63.58000,63.15000,63.54000,43100
2017-07-12,63.96000,64.99000,63.96000,64.66000,43700
2017-07-13,64.53000,64.61000,63.72000,63.90000,24400
2017-07-14,64.00000,64.61000,63.84000,64.42000,73600
2017-07-17,64.40000,64.85000,64.07000,64.31000,35000
2017-07-18,64.43000,64.50000,63.56000,64.01000,51800
2017-07-19,64.29000,64.29000,63.64400,63.93000,64800
2017-07-20,63.95000,63.96000,63.13600,63.75000,21000
2017-07-21,63.65000,63.95000,63.36000,63.78000,32800
2017-07-24,63.56000,64.99000,63.52000,64.59000,62500
2017-07-25,64.59000,64.69000,63.17000,63.55000,33900
2017-07-26,63.93000,66.62000,63.53000,65.96000,40100
2017-07-27,66.32000,67.41000,66.04000,66.39000,59700
2017-07-28,66.38000,66.64500,64.43000,64.94000,28500
2017-07-31,64.32000,64.68000,63.77000,64.44000,31600
2017-08-01,64.03000,65.08000,63.57000,63.67000,40200
2017-08-02,64.00000,64.00000,63.07000,63.49000,21300
2017-08-03,63.01000,64.84000,63.01000,64.76000,30900
2017-08-04,64.65000,64.65000,63.97000,64.21000,14600
2017-08-07,65.16000,65.17000,63.59000,64.00000,23300
2017-08-08,64.19000,64.45000,63.27500,63.97000,31400
2017-08-09,64.07000,64.34000,63.56000,63.61000,18200
2017-08-10,63.70000,63.85000,62.98000,63.09000,27900
2017-08-11,63.14000,63.56000,63.03000,63.48000,21200
2017-08-14,64.09000,64.77000,63.23000,63.31000,37200
2017-08-15,63.34000,63.91000,63.20000,63.52000,28600
2017-08-16,63.82000,64.36000,63.28000,63.89000,21500
2017-08-17,63.94000,64.01000,63.50000,63.65000,16600
2017-08-18,63.67000,64.00000,63.25000,63.55000,18500
2017-08-21,63.55000,63.83000,63.29000,63.71000,13700
2017-08-22,63.99000,65.45000,63.99000,65.06000,25400
2017-08-23,65.01000,65.90000,64.85000,65.25000,30100
2017-08-24,65.31000,66.11000,65.20000,66.04000,31900
2017-08-25,66.40000,66.77000,66.25000,66.60000,39800
2017-08-28,67.00000,67.11000,66.39000,66.56000,34800
2017-08-29,66.56000,66.98000,65.83000,66.95000,24400
2017-08-30,66.47000,68.42000,66.44000,67.89000,51300
2017-08-31,68.30300,69.79000,67.72000,69.74000,32400
2017-09-01,69.77000,70.60000,69.45000,69.69000,55900
2017-09-05,69.89000,69.91000,68.66000,69.09000,38400
2017-09-06,68.99000,69.98000,68.90000,69.03000,32400
2017-09-07,68.91000,69.40000,68.75000,69.27000,18800
2017-09-08,69.02000,69.57000,69.02000,69.21000,35400
2017-09-11,70.83000,70.83000,69.47000,69.68000,27600
2017-09-12,69.41000,70.33000,68.36000,68.54000,27900
2017-09-13,67.84000,67.84000,64.71000,65.19000,92400
2017-09-14,65.20000,66.76000,64.71000,66.52000,67500
2017-09-15,66.52000,66.93000,65.18000,65.42000,41300
2017-09-18,65.20000,66.58000,64.22000,64.44000,47900
2017-09-19,64.44000,65.20000,64.34000,64.82000,47500
2017-09-20,65.30000,65.73000,64.45000,65.45000,20300
2017-09-21,65.56000,65.87000,65.28000,65.64000,24600
2017-09-22,65.93000,66.00000,65.50000,65.65000,14700
2017-09-25,65.71000,67.27000,65.64000,66.84000,27100
2017-09-26,66.29000,67.53000,66.29000,67.16000,28900
2017-09-27,67.74000,67.74000,66.50500,66.93000,27200
2017-09-28,66.83000,67.33000,66.50000,67.10000,19800
2017-09-29,67.07000,67.16000,65.70000,65.72000,34900
2017-10-02,66.83000,66.96000,65.89000,66.70000,46600
2017-10-03,67.10000,67.13000,66.48000,66.59000,22500
2017-10-04,66.48000,67.66000,66.48000,67.49000,41100
2017-10-05,67.72000,68.50000,67.72000,68.27000,13100
2017-10-06,67.95100,68.40000,67.95100,68.18000,18300
2017-10-09,68.54000,68.80000,68.19000,68.77000,3700
2017-10-10,68.80000,69.65000,68.43000,69.51000,22600
2017-10-11,70.17000,71.80000,70.17000,71.25000,46300
2017-10-12,71.21000,71.29000,70.62000,71.04000,25200
2017-10-13,70.96000,71.28000,70.78000,71.12000,55600
2017-10-16,71.12000,72.37000,71.09000,71.44000,13300
2017-10-17,71.17000,71.55000,71.14000,71.35000,8100
2017-10-18,71.56000,72.14000,71.43500,71.81000,18900
2017-10-19,71.84000,72.29000,71.27000,71.68000,30800
2017-10-20,71.29000,71.91000,71.11000,71.38000,44900
2017-10-23,71.37000,72.02000,71.14000,71.24000,13500
2017-10-24,71.48000,72.55000,71.31000,72.25000,18700
2017-10-25,72.19000,74.49000,70.70500,71.44000,70800
2017-10-26,70.00000,70.00000,67.50000,68.38000,119600
2017-10-27,68.63000,70.43000,68.53000,69.93000,20900
2017-10-30,69.99000,70.00000,69.05000,69.33000,15900
2017-10-31,69.02000,69.87000,69.02000,69.66000,18000
2017-11-01,69.36000,69.91000,69.08000,69.50000,21600
2017-11-02,69.21000,70.11000,68.92000,69.03000,33400
2017-11-03,69.50000,69.50000,68.34000,68.53000,23500
2017-11-06,68.26000,69.26000,68.26000,68.59000,17300
2017-11-07,68.47000,68.47000,67.74000,67.80000,25600
2017-11-08,68.18000,68.32000,67.93000,68.15000,28300
2017-11-09,67.86500,68.14000,67.28000,67.61000,12100
2017-11-10,67.70000,67.70000,67.22000,67.44000,10800
2017-11-13,67.04000,67.92000,66.80000,67.07000,25700
2017-11-14,67.03000,67.82000,67.03000,67.45000,17700
2017-11-15,67.18000,67.31000,66.50000,66.65000,11900
2017-11-16,66.90000,67.44000,66.89000,67.19000,26100
2017-11-17,67.20000,67.78000,66.97000,67.40000,45500
2017-11-20,67.24500,68.27000,67.24500,67.83000,23600
2017-11-21,68.01000,69.50000,68.01000,69.00000,20600
2017-11-22,69.15000,69.15000,68.31000,68.63000,8400
2017-11-24,68.57000,68.80000,68.37000,68.37000,11300
2017-11-27,67.88000,68.32000,67.87000,67.95000,9800
2017-11-28,68.12000,68.96000,67.90000,68.22000,21500
2017-11-29,68.21000,68.44000,67.97000,68.31000,12500
2017-11-30,68.16000,68.40000,67.87000,68.09000,20200
2017-12-01,68.10000,68.17000,67.30000,67.88000,39500
2017-12-04,68.81000,68.81000,67.91000,68.50000,40000
2017-12-05,68.49000,69.14000,68.19000,68.19000,18700
2017-12-06,68.80000,68.84000,67.95000,68.34000,10900
2017-12-07,67.98000,69.15000,67.85000,69.05000,16900
2017-12-08,69.25000,70.30000,68.79000,68.79000,21600
2017-12-11,69.05000,69.21000,67.99000,68.13000,11600
2017-12-12,68.00000,68.00000,67.29000,67.70000,14700
2017-12-13,68.38000,69.31000,68.26000,68.27000,22000
2017-12-14,68.42000,68.79000,67.63000,68.41000,33400
2017-12-15,68.26000,69.09000,67.57000,67.87000,81900
2017-12-18,68.71000,69.94900,68.49500,68.68000,51500
2017-12-19,68.99000,69.86000,68.75000,69.39000,44000
2017-12-20,69.52000,69.71000,69.23000,69.56000,31500
2017-12-21,69.59000,69.87000,67.74000,67.92000,49500
2017-12-22,67.91000,68.48000,67.70000,68.15000,30400
2017-12-26,67.23000,68.98000,67.23000,68.60000,8100
2017-12-27,68.78000,69.67000,68.73000,69.21000,14700
2017-12-28,69.46000,69.83000,68.98000,69.44000,13100
2017-12-29,69.45000,70.07000,68.60000,69.92000,30100
2018-01-02,69.73000,69.84000,69.24100,69.53000,11900
2018-01-03,69.54000,69.68000,68.77000,69.00000,21500
2018-01-04,69.01000,69.57000,68.39000,68.42000,12400
2018-01-05,69.51000,69.51000,68.57000,68.77000,44600
2018-01-08,68.96000,69.40000,68.81000,69.21000,10100
2018-01-09,69.45000,69.67000,68.86000,69.14000,19300
2018-01-10,69.08000,69.31000,67.93000,68.26000,14200
2018-01-11,68.25000,68.56000,67.73000,68.14000,21500
2018-01-12,68.24000,68.61000,67.76000,68.01000,27300
2018-01-16,67.49000,67.60000,66.76000,67.04000,49800
2018-01-17,67.80000,68.05000,67.03000,67.59000,28600
2018-01-18,67.51000,69.13000,67.33000,68.67000,18900
2018-01-19,68.79000,69.76000,68.61000,69.43000,13500
2018-01-22,69.83000,69.83000,68.81600,69.50000,34200
2018-01-23,69.15000,69.54000,68.95000,69.20000,18900
2018-01-24,69.70000,70.28000,67.94000,68.13000,36600
2018-01-25,68.19000,68.66000,67.85000,68.28000,41800
2018-01-26,68.34000,68.54000,67.46300,67.73000,23300
2018-01-29,67.45000,68.25000,67.45000,68.07000,46600
2018-01-30,67.86000,68.36000,67.51000,67.57000,44000
2018-01-31,67.88000,67.88000,66.36000,66.51000,21600
2018-02-01,66.72000,66.72000,64.90000,64.99000,32100
2018-02-02,64.91000,64.91000,63.08000,64.51000,51400
2018-02-05,64.32000,64.74000,63.96000,64.28000,84400
2018-02-06,63.22000,65.42000,62.90000,64.88000,107900
2018-02-07,65.50000,68.34000,65.50000,66.02000,154500
2018-02-08,66.34000,68.09000,66.22000,66.31000,57000
2018-02-09,66.83000,68.15500,66.42000,67.78000,82100
2018-02-12,68.21000,69.04000,67.39000,68.64000,49500
2018-02-13,68.41000,69.30500,67.86000,69.13000,48300
2018-02-14,68.65000,69.95000,68.25000,69.10000,111800
2018-02-15,69.09000,70.55000,68.97000,70.55000,70500
2018-02-16,70.41000,72.08000,70.41000,71.68000,41700
2018-02-20,71.51000,71.85000,70.73500,71.18000,148400
2018-02-21,70.93000,71.48000,70.45000,70.79000,48900
2018-02-22,70.78000,71.11000,69.54000,69.83000,27900
2018-02-23,69.80000,71.21000,69.80000,70.95000,48700
2018-02-26,71.38500,71.58000,70.75000,71.07000,41500
2018-02-27,71.28000,71.28000,70.06000,70.26000,32900
2018-02-28,70.55000,70.55000,69.47500,69.59000,42100
2018-03-01,69.56000,70.21000,68.62000,69.60000,34100
2018-03-02,69.21000,69.86000,68.66000,69.55000,29900
2018-03-05,69.29000,69.52000,68.30000,68.67000,25000
2018-03-06,68.68000,69.37000,68.59000,69.16000,17900
2018-03-07,68.78000,69.54000,68.78000,69.32000,13300
2018-03-08,68.97000,69.73000,68.82000,69.26000,19300
2018-03-09,68.82000,70.44000,68.82000,70.36000,24300
2018-03-12,70.37000,71.04000,70.20000,70.74000,39800
2018-03-13,71.19000,71.19000,69.60000,69.85000,20500
2018-03-14,70.27000,70.36000,69.85000,70.10000,32300
2018-03-15,69.77000,70.35000,69.54000,69.69000,20800
2018-03-16,69.70000,69.83000,68.95500,69.33000,16900
2018-03-19,69.14000,69.93000,69.13000,69.81000,25600
2018-03-20,69.81000,70.57000,69.32000,70.39000,27200
2018-03-21,70.95000,71.36000,70.02000,71.36000,21500
2018-03-22,71.16000,71.63000,70.47000,70.75000,21800
2018-03-23,71.06000,71.06000,69.94000,70.50000,30800
2018-03-26,71.02000,71.39500,70.26000,70.97000,30500
2018-03-27,71.19000,72.55000,71.11000,72.14000,30100
2018-03-28,72.04000,72.79000,71.51000,72.61000,42300
2018-03-29,72.98000,73.51000,72.62000,73.18000,30300
2018-04-02,73.17000,73.63000,70.97000,71.49000,31500
2018-04-03,71.90000,72.73000,71.63000,72.61000,23400
2018-04-04,72.12000,72.43000,71.21000,71.85000,18100
2018-04-05,71.86000,72.26000,71.49000,71.62000,17300
2018-04-06,71.60000,72.00000,70.09000,70.37000,18600
2018-04-09,71.18000,71.46000,70.26500,70.80000,17200
2018-04-10,71.03000,71.40000,70.65000,71.09000,18000
2018-04-11,70.45000,71.66000,70.45000,71.34000,10800
2018-04-12,71.12000,71.14000,70.33000,70.55000,13200
2018-04-13,70.50000,70.86800,69.64000,70.80000,30300
2018-04-16,70.82000,71.02000,70.42000,70.89000,12900
2018-04-17,71.09000,71.30000,70.75000,70.93000,21300
2018-04-18,70.92000,71.30000,70.65000,70.85000,33900
2018-04-19,70.92000,71.34000,69.78000,70.10000,27600
2018-04-20,70.10000,70.30000,69.77000,70.21000,25800
2018-04-23,69.23000,70.25000,69.23000,70.03000,53200
2018-04-24,70.30000,71.50000,70.10000,71.40000,45900
2018-04-25,70.73000,72.89000,70.73000,71.83000,34700
2018-04-26,71.92000,71.96000,70.00000,70.44000,29300
2018-04-27,70.55000,71.46000,69.93000,70.00000,18200
2018-04-30,70.41000,71.20000,69.79000,70.00000,33100
2018-05-01,69.90000,70.31000,69.31000,70.05000,27100
2018-05-02,70.24000,70.33000,69.55000,69.99000,40200
2018-05-03,70.32000,70.56000,69.91000,70.30000,17000
2018-05-04,70.08000,70.87000,69.85000,70.57500,16900
2018-05-07,70.52000,71.43000,70.39000,71.24000,30300
2018-05-08,71.20000,71.20000,70.52000,70.79000,38200
2018-05-09,71.05000,71.05000,69.29000,69.54000,18900
2018-05-10,69.53000,70.59000,69.53000,70.48000,25700
2018-05-11,70.47000,70.77000,69.90000,70.64000,16300
2018-05-14,70.86000,71.17000,70.12000,70.40000,22900
2018-05-15,69.86000,70.97000,69.75000,70.70000,28500
2018-05-16,70.96000,71.24000,70.77000,70.99000,20600
2018-05-17,70.80000,71.18000,70.33000,70.62000,15100
2018-05-18,70.61000,70.98000,70.25000,70.71000,11000
2018-05-21,71.37000,71.56000,70.73000,70.97000,5200
2018-05-22,71.31000,71.39000,71.00000,71.20000,19700
2018-05-23,71.05000,71.91000,71.05000,71.62000,13000
2018-05-24,71.87000,71.92000,71.30000,71.45000,28000
2018-05-25,71.76000,71.89000,71.52800,71.88000,11900
2018-05-29,71.51000,71.51000,70.61000,70.80000,17400
2018-05-30,71.42000,71.42000,70.48000,70.72000,48300
2018-05-31,70.73000,70.86000,70.30000,70.39000,13700
2018-06-01,70.49000,70.73000,70.05000,70.43000,17700
2018-06-04,70.50000,70.74000,70.46000,70.64000,8400
2018-06-05,70.92000,71.49000,70.63000,70.98000,10800
2018-06-06,71.12000,72.17000,71.12000,71.79000,12000
2018-06-07,72.25000,72.25000,71.66200,72.12000,14900
2018-06-08,72.35000,72.52000,71.95500,72.42000,11200
2018-06-11,72.62000,73.61000,72.27000,73.45000,12500
2018-06-12,73.32400,73.68000,72.95000,73.51000,11300
2018-06-13,74.29000,74.29000,73.55000,74.16000,36400
2018-06-14,73.92000,74.71000,73.63000,74.25000,11100
2018-06-15,74.37000,74.47000,73.69000,73.74000,13000
2018-06-18,73.44000,74.09900,73.08000,73.98000,10000
2018-06-19,73.22000,73.66000,73.09000,73.31000,13000
2018-06-20,72.93000,74.25000,72.93000,74.09000,29200
2018-06-21,73.74000,74.35000,73.74000,74.10000,16900
2018-06-22,73.72000,74.60000,73.72000,74.27000,15300
2018-06-25,73.88000,74.22000,73.81500,74.03000,13500
2018-06-26,73.54000,74.54000,73.54000,74.34000,20500
2018-06-27,73.96000,74.39000,73.65000,73.85000,13900
2018-06-28,74.63000,75.30000,74.38000,75.06000,11700
2018-06-29,75.05000,76.32000,75.05000,76.04000,25700
2018-07-02,75.00000,77.93000,75.00000,77.93000,10500
2018-07-03,77.13000,77.85000,75.83000,76.16000,80400
2018-07-05,76.13000,77.62000,75.96000,77.05000,48400
2018-07-06,77.68000,77.97000,77.30000,77.56000,22800
2018-07-09,77.55000,78.73000,77.46300,78.37000,53800
2018-07-10,78.66500,79.27000,78.26000,78.31000,67100
2018-07-11,78.60000,78.98000,78.11000,78.63000,67700
2018-07-12,78.81000,80.79000,78.49000,80.68000,74400
2018-07-13,80.57000,80.57000,78.56000,78.82000,20300
2018-07-16,78.85000,78.85000,77.95900,78.25000,16000
2018-07-17,78.35000,78.63000,77.80000,77.94000,21700
2018-07-18,77.29000,78.10000,77.28000,77.94000,15200
2018-07-19,77.87000,78.69000,77.83000,78.05500,13500
2018-07-20,78.07000,79.21000,77.64000,78.96000,17800
2018-07-23,78.95000,78.95000,78.04500,78.52000,10700
2018-07-24,78.55000,78.56000,77.79000,78.48000,21600
2018-07-25,79.19000,85.27000,79.15000,83.96000,44800
2018-07-26,84.95000,86.05000,83.25000,85.10000,22700
2018-07-27,85.32000,85.32000,83.01000,84.05000,20200
2018-07-30,83.04000,83.43000,81.94000,82.27000,20900
2018-07-31,82.46000,83.62000,82.26000,83.18000,23700
2018-08-01,82.54000,83.74000,81.80000,82.89000,17800
2018-08-02,82.88000,83.19000,81.90000,83.12000,43100
2018-08-03,83.38000,83.49000,81.85000,82.19000,16700
2018-08-06,83.80000,83.80000,82.04000,83.01000,7200
2018-08-07,82.85000,82.85000,81.07000,81.33000,16600
2018-08-08,80.93000,82.81000,80.93000,82.57000,18100
2018-08-09,83.04000,83.14000,82.16000,82.21000,18500
2018-08-10,82.20000,83.16000,81.51000,82.44000,42100
2018-08-13,82.45000,84.39000,80.82000,81.72000,17100
2018-08-14,81.54000,82.79000,81.44000,82.27000,13000
2018-08-15,82.26000,82.39000,81.58000,82.14000,16500
2018-08-16,82.20000,82.98000,82.20000,82.48000,30500
2018-08-17,82.63000,86.44000,82.63000,85.37000,67100
2018-08-20,86.06000,86.06000,84.62000,85.00000,25800
2018-08-21,85.69000,86.13000,85.13000,86.04000,16300
2018-08-22,86.03000,86.30500,85.62000,86.06000,20500
2018-08-23,86.05000,86.22500,85.55000,85.63000,18100
2018-08-24,86.21000,86.89000,85.75000,86.49000,25000
2018-08-27,87.24000,87.99000,86.27000,87.72000,31100
2018-08-28,88.14000,88.43000,87.23000,87.54000,24500
2018-08-29,87.55000,90.20500,86.86000,87.29000,32300
2018-08-30,87.17000,87.31000,86.17000,86.43000,15100
2018-08-31,86.20000,86.20000,85.25000,85.86000,23600
2018-09-04,86.09000,86.09000,83.88000,85.75000,28200
2018-09-05,85.12000,86.01000,85.12000,85.68000,20600
2018-09-06,86.51000,87.19000,85.71000,87.19000,17500
2018-09-07,86.61000,87.54000,86.43000,86.69000,7300
2018-09-10,87.06000,87.56500,86.67400,87.28000,22700
2018-09-11,87.29000,87.44000,85.44000,85.94000,18600
2018-09-12,86.86000,86.86000,85.68000,86.25000,24400
2018-09-13,86.57000,86.74000,85.28000,85.57000,14600
2018-09-14,85.20000,86.07000,85.18400,85.40000,17800
2018-09-17,84.60000,85.77000,84.58000,85.43000,9100
2018-09-18,85.70000,86.62000,85.57000,86.17000,21900
2018-09-19,86.43000,86.43000,84.74000,84.79000,17400
2018-09-20,85.18000,85.91000,84.86000,85.14000,10900
2018-09-21,85.38000,85.38000,84.34000,84.89000,16500
2018-09-24,84.86000,85.20000,84.63000,84.69000,19500
2018-09-25,84.75000,85.00000,84.53800,84.90000,32800
2018-09-26,84.82000,84.97000,82.64000,83.12000,25900
2018-09-27,83.11000,83.69900,82.70000,83.59000,21600
2018-09-28,83.82000,85.26000,83.82000,84.66000,38200
2018-10-01,85.20000,86.08000,83.71000,84.15000,20700
2018-10-02,84.11000,84.12000,82.85500,83.14000,15000
2018-10-03,83.15000,83.55000,82.58000,83.00000,15200
2018-10-04,83.45400,83.45400,82.01000,82.77000,23900
2018-10-05,82.60000,83.25000,82.01000,82.47000,12200
2018-10-08,82.14000,82.14000,80.88000,80.88000,15100
2018-10-09,80.67000,81.72000,80.62000,80.84000,56000
2018-10-10,80.85000,80.85000,78.45000,78.45000,31100
2018-10-11,78.43000,79.39000,78.18500,78.62000,21600
2018-10-12,79.45000,79.86000,78.31500,78.68000,16300
2018-10-15,78.64000,79.09000,78.00000,78.32000,20300
2018-10-16,79.18000,80.23000,79.00000,79.83000,88500
2018-10-17,79.64000,80.08000,79.13500,79.59000,98200
2018-10-18,78.98000,80.35000,78.98000,79.63000,32900
2018-10-19,80.29000,81.95000,80.27000,81.43000,23300
2018-10-22,81.94000,82.51000,81.37000,81.56000,27400
2018-10-23,81.08000,81.08000,78.09000,78.47000,24100
2018-10-24,77.72000,78.74000,74.75000,75.82000,78400
2018-10-25,76.54000,76.54000,73.99000,74.44000,30400
2018-10-26,73.28000,73.64000,72.06000,72.33000,33400
2018-10-29,72.32000,72.78000,70.97000,71.19000,31700
2018-10-30,70.75000,71.67000,70.75000,71.50000,29100
2018-10-31,72.49000,74.01000,72.10000,73.40000,91300
2018-11-01,74.20000,75.34000,72.79000,75.01000,133600
2018-11-02,75.50000,75.76000,74.72000,75.34000,138300
2018-11-05,75.33000,75.66000,73.90000,74.30000,47400
2018-11-06,74.39000,74.89000,73.95000,74.70000,22800
2018-11-07,75.17000,75.36000,74.54000,74.97000,38900
2018-11-08,75.54000,75.57000,74.95000,75.26000,11300
2018-11-09,75.24000,75.24000,73.89500,74.50000,17000
2018-11-12,74.45500,74.63000,73.96500,74.35000,81200
2018-11-13,74.34000,75.29000,73.76000,74.32000,278800
2018-11-14,74.36000,74.90000,74.36000,74.54000,30100
2018-11-15,74.27400,74.30000,72.38000,72.56000,72200
2018-11-16,72.43000,73.41000,72.04000,73.29000,48300
2018-11-19,73.59000,73.65000,72.85000,73.25000,67000
2018-11-20,72.21000,73.19000,71.91000,72.79000,75900
2018-11-21,72.80000,73.97000,72.42000,73.90000,102500
2018-11-23,73.44000,73.72000,72.00000,73.16000,14100
2018-11-26,73.21000,74.66000,73.21000,74.20000,33800
2018-11-27,74.04000,74.29000,73.61000,74.07000,35100
2018-11-28,74.08000,74.65000,73.71000,74.41000,27500
2018-11-29,74.69000,75.38500,73.86000,74.87000,28600
2018-11-30,74.88000,75.85000,74.67000,75.64000,24900
2018-12-03,76.86000,77.82000,75.64000,77.65000,34700
2018-12-04,77.64000,78.28000,75.76500,76.27000,69500
2018-12-06,75.81000,75.93000,73.79000,75.93000,49100
2018-12-07,75.92000,76.65000,74.21000,74.82000,21500
2018-12-10,74.97000,74.99000,72.80000,73.09000,28800
2018-12-11,73.46000,73.48000,72.60000,72.65000,20600
2018-12-12,73.52000,73.76000,72.80000,72.92000,18200
2018-12-13,72.54000,72.92000,71.53000,71.64000,19200
2018-12-14,71.42000,71.42000,69.87000,70.55000,37900
2018-12-17,69.99000,70.14000,66.93000,67.14000,45600
2018-12-18,67.49000,69.16000,67.40000,68.44000,78500
2018-12-19,68.43000,70.05000,68.08000,68.32000,42600
2018-12-20,68.64000,68.64000,65.34000,65.77000,40600
2018-12-21,65.73000,67.20000,65.03000,65.96000,78100
2018-12-24,65.77500,66.61000,65.53000,66.41000,39200
2018-12-26,67.02000,67.19000,65.28000,66.55000,50800
2018-12-27,65.91000,67.24000,64.87000,67.17000,33100
2018-12-28,67.63000,68.78000,67.59000,68.14000,47700
2018-12-31,68.20000,68.86000,67.85000,68.48000,44200
2019-01-02,68.25000,68.34000,66.83500,67.23000,35100
2019-01-03,67.25000,67.60000,65.55000,66.08000,29900
2019-01-04,66.32000,69.29000,66.32000,69.29000,48800
2019-01-07,69.61000,71.56000,69.34400,71.20000,26500
2019-01-08,71.27000,72.23000,71.27000,71.87000,17200
2019-01-09,71.86000,72.72000,71.23000,72.66000,21600
2019-01-10,73.00000,73.40000,72.35000,73.03000,15700
2019-01-11,73.26000,73.28000,72.20000,72.86000,70700
2019-01-14,72.47000,73.42000,72.14000,73.35000,182300
2019-01-15,74.43000,74.43000,73.24000,73.79000,27400
2019-01-16,74.25000,74.48000,73.62200,74.24000,18200
2019-01-17,74.60000,75.68000,74.48500,75.43000,34700
2019-01-18,75.51000,76.77000,75.36000,76.38000,24100
2019-01-22,75.33000,76.79000,74.37000,76.79000,60400
2019-01-23,77.24000,77.97000,77.19000,77.74000,35000
2019-01-24,77.94000,78.76000,77.94000,78.59000,11100
2019-01-25,78.84000,80.72000,78.84000,80.46000,37300
2019-01-28,80.36000,81.19000,79.83500,80.59000,29600
2019-01-29,80.58000,81.83000,80.36000,80.77000,25600
2019-01-30,81.14000,81.21000,80.00500,80.94000,21300
2019-01-31,80.98000,81.95000,80.78000,81.28000,37200
2019-02-01,81.28000,82.03000,80.98000,81.71000,64700
2019-02-04,81.72000,82.33000,81.43000,82.19000,49500
2019-02-05,81.89000,83.77000,81.89000,83.48000,23100
2019-02-06,83.75000,84.76000,83.02000,83.78000,57900
2019-02-07,83.40000,84.85000,83.00000,83.89000,46100
2019-02-08,84.16000,84.87000,83.81000,84.71000,57000
2019-02-11,85.06000,85.30000,84.42000,84.77000,57500
2019-02-12,85.44000,87.44000,85.25500,87.13000,44700
2019-02-13,87.61000,89.17000,87.61000,88.63000,34300
2019-02-14,88.24000,88.39000,87.02000,87.84000,28100
2019-02-15,87.91000,87.91000,87.11000,87.26000,43200
2019-02-19,87.65000,87.65000,86.04000,86.80000,47400
2019-02-20,86.41000,87.84000,86.22000,87.62000,34100
2019-02-21,87.78000,87.90000,87.15000,87.58000,23300
2019-02-22,88.03000,88.40000,87.46000,88.29000,29600
2019-02-25,88.52000,88.93000,87.06000,87.11000,19700
2019-02-26,87.12000,87.91000,86.72000,87.64000,29600
2019-02-27,87.59000,87.59000,86.58500,87.20000,18400
2019-02-28,86.95000,87.06000,86.38000,86.84000,32800
2019-03-01,87.15000,87.15000,85.66000,86.50000,38600
2019-03-04,86.41000,87.51000,86.16000,87.02000,32900
2019-03-05,86.90000,88.07000,86.82000,87.94000,23600
2019-03-06,87.49000,87.49000,86.64000,87.06000,25500
2019-03-07,87.41000,87.41000,86.04000,86.78000,34000
2019-03-08,86.54000,86.75000,85.20000,85.57000,24000
2019-03-11,85.95000,86.98000,85.01000,86.74000,24100
2019-03-12,86.89000,86.89000,85.90000,86.65000,13500
2019-03-13,86.72000,87.10000,83.68000,84.26000,62500
2019-03-14,84.32000,85.51000,83.96000,85.27000,51900
2019-03-15,85.15000,85.55000,83.91000,84.40000,34300
2019-03-18,84.88000,85.23000,83.70000,84.26000,32700
2019-03-19,84.85000,85.06000,83.98000,83.98000,21700
2019-03-20,83.69000,84.33000,83.22000,83.97000,43400
2019-03-21,84.05000,85.44000,83.94000,85.37000,26700
2019-03-22,84.91000,85.15000,84.02000,84.02000,30500
2019-03-25,83.90000,85.27000,83.40000,85.22000,34400
2019-03-26,85.82000,86.02000,84.85000,85.81000,31200
2019-03-27,85.03000,86.97000,85.03000,86.79000,28800
2019-03-28,86.80000,88.08500,86.65000,87.70000,22400
2019-03-29,88.42000,89.67000,87.70000,89.34000,40500
2019-04-01,89.36000,89.95000,88.20000,89.62000,42500
2019-04-02,89.92000,89.92000,88.30000,88.72000,27600
2019-04-03,89.32000,89.32000,88.26000,88.45000,25100
2019-04-04,88.89000,88.89000,87.93000,88.19000,29400
2019-04-05,88.28500,88.43000,87.63000,88.07000,23700
2019-04-08,88.07000,88.49500,87.20000,87.74000,18700
2019-04-09,87.93000,88.36000,87.83000,88.07000,24700
2019-04-10,88.43000,89.66000,88.12000,89.21000,20900
2019-04-11,89.53000,89.53000,88.14000,88.30000,21000
2019-04-12,88.14000,89.64000,88.09200,89.59000,18500
2019-04-15,89.13000,89.78000,89.13000,89.39000,20700
2019-04-16,89.64000,89.88000,88.14000,88.21000,17200
2019-04-17,88.83000,88.83000,85.41000,86.48000,53800
2019-04-18,86.47000,87.47000,85.80000,87.05000,17400
2019-04-22,86.59000,87.85000,86.59000,87.42000,14500
2019-04-23,86.83000,88.11000,86.64000,88.11000,21200
2019-04-24,83.77000,87.59000,83.77000,87.27000,34800
2019-04-25,87.07000,87.84000,86.92500,87.67000,18500
2019-04-26,87.65000,87.77000,86.70000,86.97000,22500
2019-04-29,86.55000,86.67000,83.02000,86.36000,22800
2019-04-30,87.01400,87.35000,86.41000,87.22000,33700
2019-05-01,88.14200,88.14200,86.98500,87.13000,43100
2019-05-02,87.18000,87.47500,86.61000,87.38000,26600
2019-05-03,87.45000,88.12000,87.45000,87.94000,35600
2019-05-06,86.97000,87.80000,86.97000,87.62000,28600
2019-05-07,86.42000,86.70000,85.97000,86.60000,29300
2019-05-08,87.01000,87.01000,85.93000,86.38000,50800
2019-05-09,85.92000,86.15000,85.47700,85.79000,37400
2019-05-10,86.07000,86.89000,85.51000,86.89000,63800
2019-05-13,86.31000,86.45500,85.17000,86.04000,24400
2019-05-14,85.80000,86.37000,85.61000,86.07000,34400
2019-05-15,86.49000,87.68000,85.69000,86.97000,46700
2019-05-16,87.73000,89.21000,87.54000,89.01000,51300
2019-05-17,89.03000,89.52000,87.11000,87.79000,29900
2019-05-20,85.93000,89.01000,85.93000,86.62000,19000
2019-05-21,87.96000,88.01000,86.09000,86.29000,51600
2019-05-22,86.27000,86.48000,85.26000,86.13000,49400
2019-05-23,88.64000,93.86000,87.62000,93.50000,133900
2019-05-24,94.59000,95.55000,94.58000,94.58000,143200
2019-05-28,94.50000,94.60000,92.26000,92.45000,83800
2019-05-29,91.66000,93.39000,90.32000,90.36000,44300
2019-05-30,91.33000,91.74000,89.87000,90.40000,53500
2019-05-31,90.53000,90.65500,89.59000,90.36000,49500
2019-06-03,90.30000,91.07000,90.23000,90.55000,36900
2019-06-04,90.67000,91.39000,90.49000,91.24000,37800
2019-06-05,91.24000,93.85000,91.15000,93.70000,34300
2019-06-06,94.35000,95.56000,93.95000,95.43000,29000
2019-06-07,95.67000,96.42000,94.54000,94.88000,34900
2019-06-10,94.67000,96.25000,94.59500,95.70000,33900
2019-06-11,95.92000,96.51000,93.97000,95.08000,42700
2019-06-12,95.01000,95.98000,95.00000,95.81000,20600
2019-06-13,95.69000,96.40000,95.48000,96.40000,21800
2019-06-14,97.61300,97.61300,96.22000,96.70000,31100
2019-06-17,96.55000,96.94000,96.08000,96.71000,20800
2019-06-18,97.03000,97.89000,96.58000,97.75000,21500
2019-06-19,98.01000,99.35000,97.60000,98.74000,19200
2019-06-20,100.11000,100.18900,96.87000,97.18000,17400
2019-06-21,96.32000,96.98000,95.81000,96.48000,19000
2019-06-24,96.56000,97.69000,95.62000,97.56000,32700
2019-06-25,97.93500,98.14000,95.29000,95.69000,40300
2019-06-26,96.44000,96.44000,93.69000,94.78000,55400
2019-06-27,95.46000,95.46000,94.40000,94.99000,58100
2019-06-28,95.43000,96.17000,94.26000,95.92000,26500
2019-07-01,96.95000,97.44000,95.78000,96.71000,12700
2019-07-02,96.38000,98.58000,95.02000,98.21000,39100
2019-07-03,98.56000,99.24300,98.40000,98.40000,12000
2019-07-05,98.35000,100.86000,96.59000,97.58000,19300
2019-07-08,97.58000,98.15000,96.66000,96.79000,20000
2019-07-09,97.19000,98.39000,96.41000,97.35000,19200
2019-07-10,98.75000,98.75000,97.07000,97.32000,19400
2019-07-11,97.96000,98.82000,96.00000,96.37000,24600
2019-07-12,96.25000,96.34000,95.29400,96.10000,42700
2019-07-15,96.73000,98.11000,96.16000,96.99000,50400
2019-07-16,97.11000,98.73000,97.00000,97.18000,39400
2019-07-17,97.64000,98.41000,96.84000,97.60000,40900
2019-07-18,97.59000,98.29000,97.47000,97.88000,12300
2019-07-19,97.60000,97.97000,96.11000,96.37000,25100
2019-07-22,96.68000,97.16000,96.13000,97.09000,25100
2019-07-23,96.21000,99.52000,96.21000,99.24000,35400
2019-07-24,101.22000,102.83000,98.99000,102.79000,115500
2019-07-25,103.19000,106.73000,103.16000,105.28000,62600
2019-07-26,105.90000,105.90000,103.74000,105.11000,58700
2019-07-29,105.91000,105.91000,105.05000,105.32000,67800
2019-07-30,104.31000,106.39000,104.31000,106.27000,107200
2019-07-31,105.94000,106.53000,104.77500,104.87000,48600
2019-08-01,104.56000,108.24000,104.56000,106.28000,65300
2019-08-02,105.71000,106.77000,104.37800,105.28000,44100
2019-08-05,104.08000,105.11000,98.02000,104.53000,37700
2019-08-06,104.37000,105.60000,104.13000,104.37000,33800
2019-08-07,103.35000,105.84000,103.35000,104.96000,50200
2019-08-08,104.84000,108.42000,104.84000,107.40000,37800
2019-08-09,107.05000,107.37000,105.89000,106.25000,34200
2019-08-12,106.78000,106.87000,104.50000,104.80000,27600
2019-08-13,104.54000,105.00500,102.78000,104.81000,33800
2019-08-14,104.72000,104.72000,102.61000,103.14000,31500
2019-08-15,102.80000,103.25000,102.12000,102.12000,32600
2019-08-16,102.05000,103.08000,102.05000,102.90000,13600
2019-08-19,102.75000,103.33000,102.54000,102.64000,29300
2019-08-20,102.24000,102.90500,101.79000,101.81000,19100
2019-08-21,101.62000,103.27000,101.62000,102.64000,26200
2019-08-22,102.36000,104.98000,100.62000,101.74000,25200
2019-08-23,101.40000,101.65000,99.36000,99.71000,23600
2019-08-26,99.73000,100.52000,98.77000,99.87000,21400
2019-08-27,100.20000,102.43000,100.20000,102.07000,22700
2019-08-28,101.57000,104.22000,101.57000,102.35000,45800
2019-08-29,103.47000,103.50000,102.72000,102.96000,18000
2019-08-30,99.61800,104.51000,99.03000,103.89000,17300
2019-09-03,104.33000,104.47000,103.41200,104.14000,28100
2019-09-04,104.58000,105.50000,104.42000,104.94000,21500
2019-09-05,104.73000,111.08500,102.04000,102.59000,22100
2019-09-06,102.12000,103.22000,101.91000,102.75000,15300
2019-09-09,102.04000,102.29000,100.95000,101.69000,12400
2019-09-10,101.89000,102.89000,100.54000,102.64000,44900
2019-09-11,102.43000,102.89000,101.26000,101.55000,24200
2019-09-12,102.30000,102.30000,101.29000,101.29000,19400
2019-09-13,101.85000,102.09000,100.36000,100.81000,25800
2019-09-16,101.07000,101.57000,99.60000,100.16000,25600
2019-09-17,100.40000,101.28000,98.62000,101.28000,42600
2019-09-18,101.30000,102.39500,101.30000,102.04000,15400
2019-09-19,102.17000,103.85000,101.21000,103.31000,15400
2019-09-20,103.20000,105.41000,103.01000,103.95000,19300
2019-09-23,104.85600,104.85600,103.30000,104.00000,12900
2019-09-24,103.67000,105.55000,103.67000,105.37000,24700
2019-09-25,104.80000,106.10000,102.64000,102.64000,45700
2019-09-26,103.67000,104.75000,102.69900,103.49000,29700
2019-09-27,103.77000,104.44500,101.69000,102.26000,30400
2019-09-30,102.08500,103.10000,101.92000,102.57000,36700
2019-10-01,102.52000,102.72000,99.53000,99.73000,96900
2019-10-02,99.60000,100.04000,96.80700,98.75000,49700
2019-10-03,98.10000,100.80500,98.10000,100.44000,113500
2019-10-04,99.67000,101.60000,99.67000,101.33000,22400
2019-10-07,100.07000,102.12000,100.01000,101.97000,17700
2019-10-08,101.86000,101.86000,100.00000,100.25000,20000
2019-10-09,100.55000,100.96000,100.07000,100.12000,36800
2019-10-10,100.37000,101.15000,99.69000,100.49000,31100
2019-10-11,101.41000,102.38000,100.76000,101.10000,28400
2019-10-14,100.60000,101.53000,100.60000,101.03000,8600
2019-10-15,100.92000,102.01000,100.91000,101.44000,28600
2019-10-16,100.86000,102.70000,100.86000,102.25000,22400
2019-10-17,104.44000,104.44000,102.61000,104.22000,29100
2019-10-18,103.81000,105.68000,103.50000,104.74000,32700
2019-10-21,104.60000,106.31000,104.26000,105.45000,21400
2019-10-22,105.27000,106.08000,104.55000,105.31000,27800
2019-10-23,99.66000,101.40200,94.91000,95.01000,109800
2019-10-24,95.00000,95.00000,88.36500,89.50000,178100
2019-10-25,88.60000,89.14000,85.88000,88.96000,87800
2019-10-28,88.56000,89.65000,88.56000,88.61000,41000
2019-10-29,88.84000,89.21000,87.20000,88.24000,97900
2019-10-30,87.67000,88.57000,86.04000,86.88000,45800
2019-10-31,87.33000,87.48000,86.96000,87.31000,36000
2019-11-01,87.50000,88.79000,86.95000,88.18000,40200
2019-11-04,88.13100,88.18000,86.53000,87.10000,80100
2019-11-05,87.55000,88.37000,86.81000,88.32000,62300
2019-11-06,89.53000,89.53000,87.56000,87.98000,27600
2019-11-07,88.13000,89.48000,87.69000,89.10000,37400
2019-11-08,88.57000,89.30000,87.78000,88.34000,38800
2019-11-11,88.50000,88.98000,87.75000,88.92000,36300
2019-11-12,89.30000,91.54000,88.69000,90.88000,40900
2019-11-13,91.04000,91.73000,90.46000,90.71000,28500
2019-11-14,90.74000,91.07000,90.26000,90.54000,91300
2019-11-15,90.99000,91.03000,90.06000,90.69000,38000
2019-11-18,90.31000,93.65000,90.31000,93.16000,39700
2019-11-19,93.73000,93.73000,91.86500,92.10000,28200
2019-11-20,91.74000,93.87000,91.58000,93.84000,40600
2019-11-21,93.60000,93.93500,91.59500,92.00000,47200
2019-11-22,91.99000,93.84000,91.88000,93.59000,25600
2019-11-25,93.99000,94.98000,93.95000,94.78000,57600
2019-11-26,95.16000,95.39000,94.29000,95.30000,24600
2019-11-27,94.72000,97.14000,94.72000,96.68000,24600
2019-11-29,96.42000,96.60000,95.19100,95.89000,8600
2019-12-02,96.28000,96.28000,94.35000,95.42000,38400
2019-12-03,90.15000,91.43000,89.51000,90.85000,427400
2019-12-04,90.73000,91.94000,90.36000,91.05000,636000
2019-12-05,90.18000,92.56000,90.16000,92.56000,495300
2019-12-06,91.99000,93.55000,91.99000,93.36000,279400
2019-12-09,93.34000,93.64000,90.93000,91.51000,172300
2019-12-10,91.46000,92.39000,90.62000,92.14000,45400
2019-12-11,91.94000,92.46000,90.86000,91.58000,95000
2019-12-12,91.38000,91.81000,90.89000,91.12000,154700
2019-12-13,90.86000,91.46000,90.77500,91.46000,106600
2019-12-16,91.69000,91.97000,88.99000,89.83000,71600
2019-12-17,89.53000,90.06000,88.60000,89.51000,155000
2019-12-18,89.88000,92.36000,89.33000,91.87000,220200
2019-12-19,91.59000,93.48000,91.59000,92.22000,282600
2019-12-20,92.54000,94.74000,92.22000,94.59000,105600
2019-12-23,94.38000,94.88000,93.06000,93.96000,86100
2019-12-24,94.11000,95.68000,94.01000,95.50000,40800
2019-12-26,95.77000,95.92000,95.02000,95.23000,28400
2019-12-27,95.00000,95.50000,94.93000,95.13000,39900
2019-12-30,94.74000,94.74000,93.07000,93.37000,52300
2019-12-31,93.73000,94.67000,92.85000,93.04000,133400
2020-01-02,93.04000,93.43000,92.16000,93.29000,363400
2020-01-03,92.75000,95.02000,92.75000,94.53000,63700
2020-01-06,94.35000,94.63000,93.49000,93.87000,89000
2020-01-07,93.60000,94.03500,93.34000,93.96000,219500
2020-01-08,94.67000,95.94000,94.59000,95.75000,191500
2020-01-09,96.00000,97.29000,95.81000,96.95000,58600
2020-01-10,97.19000,97.73000,96.93000,97.56000,41500
2020-01-13,97.74000,98.18000,97.36000,97.92000,162500
2020-01-14,97.46000,99.14000,97.46000,98.72000,147600
2020-01-15,99.11000,100.02000,99.05000,99.35000,65400
2020-01-16,99.66000,99.87500,97.82000,98.16000,158100
2020-01-17,98.41000,98.80000,97.74000,98.34000,71400
2020-01-21,98.32000,100.10000,98.32000,99.83000,75200
2020-01-22,100.37000,101.22300,99.73000,99.94000,69600
2020-01-23,99.80000,100.20000,99.44000,100.04000,85600
2020-01-24,99.97000,100.40000,99.04500,99.67000,51800
2020-01-27,98.75000,100.29000,97.92100,100.05000,124900
2020-01-28,100.24000,101.55000,99.50000,101.49000,65200
2020-01-29,100.45000,101.47000,100.32000,100.72000,52100
2020-01-30,100.35000,100.37000,99.51000,100.16000,50000
2020-01-31,99.89000,99.89000,97.61000,98.30000,184600
2020-02-03,98.60000,99.91000,98.60000,99.58000,127200
2020-02-04,100.52000,101.90600,100.08000,100.96000,89600
2020-02-05,105.54000,106.13000,100.56000,104.62000,108500
2020-02-06,106.25000,112.22500,106.16000,111.36000,123200
2020-02-07,110.44000,111.40500,109.04000,110.21000,139300
2020-02-10,109.79000,112.03000,109.79000,110.72000,102900
2020-02-11,110.71000,111.45000,110.65000,110.88000,35300
2020-02-12,110.72000,110.90000,109.71000,110.63000,63200
2020-02-13,111.46000,111.73000,110.45500,110.96000,38100
2020-02-14,111.61000,112.69000,110.40000,111.71000,53800
2020-02-18,114.87000,114.87000,110.44000,110.56000,44600
2020-02-19,110.44000,110.74000,108.64000,109.71000,151700
2020-02-20,109.40000,110.18000,108.64000,110.02000,30800
2020-02-21,109.45000,110.05000,108.42000,108.45000,31000
2020-02-24,106.93000,107.48000,105.15300,105.80000,46500
2020-02-25,106.47000,106.47000,102.77700,104.26000,99300
2020-02-26,104.43000,105.85000,103.69000,104.81000,50000
2020-02-27,103.59000,104.05000,101.78500,103.57000,49400
2020-02-28,102.56000,102.56000,98.02000,98.85000,160700
2020-03-02,98.93000,102.97000,98.93000,102.55000,136700
2020-03-03,102.12000,103.16000,99.02000,100.04000,78800
2020-03-04,100.72000,102.96000,100.07000,102.69000,45400
2020-03-05,98.24000,104.26000,98.24000,104.23000,116000
2020-03-06,102.83000,103.65000,99.59000,100.96000,158100
2020-03-09,96.01000,96.97000,92.27500,92.53000,64800
2020-03-10,94.54000,96.63000,93.29000,96.63000,115600
2020-03-11,93.18000,95.23500,91.94000,92.76000,108300
2020-03-12,88.71000,88.71000,81.24500,82.10000,257500
2020-03-13,85.61000,87.30000,81.09000,87.11000,109900
2020-03-16,77.32000,82.23000,71.64000,79.87000,124200
2020-03-17,81.65000,84.98000,78.60000,79.59000,112500
2020-03-18,76.13000,78.00000,66.70000,71.10000,82500
2020-03-19,69.66000,73.88000,67.14000,72.44000,128600
2020-03-20,72.69000,74.89000,67.18500,67.33000,142500
2020-03-23,66.41000,66.55000,57.38000,58.70000,252700
2020-03-24,60.74000,69.23000,60.74000,68.84000,93400
2020-03-25,68.30000,81.54500,68.30000,76.88000,98400
2020-03-26,76.24000,80.12000,76.24000,79.39000,63300
2020-03-27,79.11000,80.80000,75.59000,78.65000,52300
2020-03-30,78.69000,78.69000,74.28500,76.36000,43100
2020-03-31,76.73500,79.08000,75.34700,77.12000,84500
2020-04-01,74.79000,75.48000,72.79000,73.48000,44600
2020-04-02,73.04000,74.78000,70.30000,70.62000,121800
2020-04-03,71.56000,73.90000,69.86000,70.49000,259000
2020-04-06,75.76000,75.76000,72.28000,73.57000,77300
2020-04-07,76.49000,78.82000,74.45000,75.90000,91400
2020-04-08,75.70000,82.52000,75.52000,80.96000,69500
2020-04-09,84.08000,86.19000,81.56000,83.28000,193500
2020-04-13,83.72000,83.72000,79.41600,82.20000,55000
2020-04-14,82.99000,83.87000,82.16500,82.93000,163300
2020-04-15,80.00000,82.08000,78.44000,80.90000,59100
2020-04-16,81.27000,81.51000,79.64000,81.40000,68300
2020-04-17,83.67000,83.67000,81.33000,81.87000,43100
2020-04-20,80.64000,84.36000,79.49000,83.75000,45600
2020-04-21,82.15000,83.07000,79.90000,80.56000,44800
2020-04-22,81.64000,82.49000,79.97000,80.20000,173300
2020-04-23,83.81000,83.81000,77.64000,80.17000,107200
2020-04-24,83.52000,83.52000,78.37500,81.42000,113100
2020-04-27,81.31000,86.34000,80.81000,85.89000,132600
2020-04-28,87.13000,88.88800,84.83000,85.48000,105500
2020-04-29,86.92000,88.47000,86.02000,88.33000,106000
2020-04-30,86.70000,88.04000,85.64000,86.58000,128300
2020-05-01,84.30000,84.30000,81.19000,83.43000,72900
2020-05-04,83.33000,84.59000,81.84000,83.04000,82400
2020-05-05,83.56000,84.53000,83.09000,83.09000,47100
2020-05-06,83.84000,84.53800,82.73000,83.12000,54700
2020-05-07,83.23000,84.51000,82.42000,83.25000,183600
2020-05-08,84.87000,86.18000,84.63700,85.01000,85000
2020-05-11,83.33000,83.82000,82.79000,83.12000,56500
2020-05-12,83.79000,83.79000,79.83000,80.14000,203200
2020-05-13,79.50000,80.14000,78.01000,78.70000,48500
2020-05-14,77.99000,79.90000,76.30000,79.75000,51600
2020-05-15,78.08000,81.80500,78.08000,81.23000,49100
2020-05-18,83.46000,86.25000,80.83000,82.47000,28300
2020-05-19,83.73300,85.57000,82.51000,84.91000,43500
2020-05-20,85.04000,86.82000,85.04000,86.70000,57400
2020-05-21,86.12000,88.42000,85.78000,88.08000,40900
2020-05-22,87.96000,89.24000,86.70000,87.25000,33900
2020-05-26,90.40000,94.85000,90.40000,94.14000,77500
2020-05-27,95.34000,95.72000,91.42500,91.89000,113000
2020-05-28,92.56000,93.87000,91.26000,91.60000,62400
2020-05-29,91.95000,93.34000,90.50000,93.33000,132000
2020-06-01,92.88000,95.32000,92.88000,93.96000,80500
2020-06-02,93.90000,95.61000,93.90000,94.45000,83600
2020-06-03,95.74000,98.73000,94.62000,98.42000,63000
2020-06-04,97.88000,101.42000,97.75000,101.42000,45300
2020-06-05,104.12000,104.12000,99.26000,100.90000,65600
2020-06-08,101.00000,101.95000,100.44000,101.95000,28000
2020-06-09,100.48000,103.26000,100.23000,102.44000,68600
2020-06-10,101.27000,102.21000,99.71000,101.65000,52700
2020-06-11,99.58000,99.92000,96.82000,97.24000,62000
2020-06-12,101.14000,101.14000,97.38000,98.67000,99600
2020-06-15,97.25000,99.64500,96.57000,98.51000,54500
2020-06-16,101.21000,101.47000,98.50500,100.39000,79600
2020-06-17,101.46700,101.80000,99.98000,101.35000,57800
2020-06-18,100.77000,102.82000,100.00000,101.90000,40900
2020-06-19,102.74000,103.21000,100.28000,101.06000,57300
2020-06-22,99.90000,102.31000,99.87000,101.27000,41400
2020-06-23,101.43000,102.35000,99.33000,99.92000,56900
2020-06-24,99.67000,100.20000,96.95000,99.74000,67700
2020-06-25,99.11000,99.98500,96.71500,98.46000,47600
2020-06-26,97.61000,98.25000,96.36000,96.36000,33400
2020-06-29,96.25000,99.36000,95.75000,99.35000,58800
2020-06-30,99.29000,101.41000,99.25000,100.75000,37900
2020-07-01,101.29700,102.20000,99.84000,100.32000,22100
2020-07-02,101.35000,104.98000,98.48000,99.65000,32700
2020-07-06,100.68000,104.10000,100.63000,102.82000,88000
2020-07-07,102.60000,102.78000,101.47000,102.04000,51700
2020-07-08,101.94000,102.63000,100.38000,102.08000,27200
2020-07-09,101.43000,102.50000,100.77000,102.04000,141700
2020-07-10,102.73000,102.73000,100.33000,101.34000,30500
2020-07-13,102.53000,102.53000,100.67000,100.91000,32500
2020-07-14,101.34000,101.80000,98.66000,100.48000,45300
2020-07-15,100.64000,106.16000,100.64000,105.01000,93400
2020-07-16,105.44000,105.92000,101.54000,101.62000,37800
2020-07-17,101.78000,104.80000,101.78000,103.99000,53400
2020-07-20,104.11000,105.63000,103.64000,105.47000,27200
2020-07-21,107.87000,107.95000,103.73000,103.81000,29900
2020-07-22,102.63000,106.31000,102.63000,106.14000,89300
2020-07-23,108.00000,115.63500,107.95000,112.96000,56400
2020-07-24,113.78000,116.62000,112.11000,115.91000,125000
2020-07-27,116.71000,118.02000,114.10000,117.27000,121500
2020-07-28,116.07000,119.38000,115.35000,116.95000,97900
2020-07-29,117.56000,120.42000,116.27000,118.00000,72900
2020-07-30,117.71000,119.80000,116.60000,118.90000,89300
2020-07-31,118.12000,120.43000,117.80000,119.55000,50000
2020-08-03,120.62000,120.62000,117.24000,118.22000,44800
2020-08-04,119.07000,120.57000,117.98000,119.66000,51300
2020-08-05,119.77000,120.99000,119.54000,120.23000,50000
2020-08-06,120.32500,121.05000,118.90000,119.81000,41700
2020-08-07,119.80000,119.80000,116.26000,116.43000,76300
2020-08-10,117.41000,118.00000,115.20000,115.86000,50100
2020-08-11,116.73000,116.98000,114.71000,114.98000,55500
2020-08-12,115.62000,116.87000,113.91000,114.07000,77200
2020-08-13,114.50000,115.95000,114.34000,115.55000,63500
2020-08-14,115.21000,115.51000,112.68000,112.94000,119500
2020-08-17,112.71000,116.22000,112.71000,115.56000,138600
2020-08-18,116.27000,117.51000,115.21000,117.44000,78800
2020-08-19,118.49000,119.75000,117.38000,119.70000,44800
2020-08-20,119.27000,124.29000,119.01000,122.97000,100900
2020-08-21,123.33000,124.04000,122.01000,123.98000,25400
2020-08-24,124.69000,125.42000,122.50000,122.86000,129800
2020-08-25,121.52000,123.76000,121.52000,123.30000,48300
2020-08-26,122.30000,125.15000,122.30000,124.85000,91200
2020-08-27,124.61000,124.90000,123.57000,123.98000,107800
2020-08-28,124.59000,125.58000,123.96000,125.26000,26400
2020-08-31,125.28000,125.56000,123.89000,125.13000,44200
2020-09-01,125.75000,128.00000,124.10500,127.48000,84300
2020-09-02,128.89999,130.28000,126.88000,129.64999,58500
2020-09-03,128.83000,129.44000,123.79000,125.76000,47600
2020-09-04,126.00000,126.00000,122.64000,125.10000,79200
2020-09-08,124.40000,125.14000,122.73000,124.70000,264500
2020-09-09,125.81000,129.74001,125.61000,129.17999,79300
2020-09-10,130.06000,131.33000,127.58000,128.83000,89000
2020-09-11,128.28000,130.49001,127.77000,128.80000,56600
2020-09-14,128.06000,130.07001,127.55000,128.03999,44900
2020-09-15,129.85001,134.71001,129.66000,133.78999,128600
2020-09-16,134.45000,134.63000,129.14999,130.25000,41100
2020-09-17,129.07001,129.17000,127.00500,128.10001,57900
2020-09-18,128.71001,128.74001,125.23000,125.66000,33600
2020-09-21,124.24000,124.43000,121.54000,123.33000,58500
2020-09-22,123.56000,125.97000,123.56000,124.59000,43900
2020-09-23,124.69000,126.17000,122.92000,123.30000,32000
2020-09-24,122.65000,126.17000,122.65000,125.65000,45700
2020-09-25,125.44000,128.22501,125.43500,127.91000,34000
2020-09-28,129.53999,132.14500,129.49001,130.75999,31800
2020-09-29,131.10001,131.71001,129.58000,131.42999,27100
2020-09-30,132.17000,132.36000,130.80000,131.89000,43100
2020-10-01,132.66000,133.33000,131.63000,133.03999,52600
2020-10-02,132.30000,132.77000,131.38000,132.09000,48600
2020-10-05,132.58000,134.92000,132.58000,134.41000,68700
2020-10-06,134.17999,134.37000,132.28000,133.12000,30600
2020-10-07,135.20000,135.20000,133.00999,133.20000,32800
2020-10-08,134.17999,136.10500,133.57001,135.41000,50900
2020-10-09,135.67000,136.78500,135.34000,136.64999,23800
2020-10-12,138.11000,138.11000,136.86000,137.73000,6900
2020-10-13,137.00999,138.73000,136.12000,136.85001,43300
2020-10-14,136.50999,138.86000,134.78000,135.82001,32500
2020-10-15,134.30000,136.45500,133.64999,135.89000,40700
2020-10-16,136.64000,137.80000,133.98000,135.19000,26000
2020-10-19,136.07001,136.47200,134.47000,134.66000,39200
2020-10-20,135.28999,138.00999,135.28999,135.66000,37800
2020-10-21,136.17999,136.70799,134.75999,135.74001,43100
2020-10-22,135.85001,135.85001,133.03999,133.20000,36100
2020-10-23,132.78999,133.46001,130.00000,130.00000,116200
2020-10-26,128.92999,128.92999,126.72000,127.41000,152100
2020-10-27,127.89000,131.72000,126.96000,127.95000,127800
2020-10-28,127.64000,133.99001,126.13000,128.52000,153700
2020-10-29,129.33000,137.25000,128.03000,136.32001,155400
2020-10-30,135.42000,138.10001,133.16000,134.16000,80300
2020-11-02,134.12000,137.56000,133.87000,135.99001,81400
2020-11-03,137.25000,137.99001,135.22000,137.10001,40800
2020-11-04,138.00999,141.44501,136.89999,141.07001,63500
2020-11-05,142.14000,142.19000,140.00999,140.99001,88600
2020-11-06,141.42000,144.45000,140.42000,144.21001,64300
2020-11-09,145.82001,145.84000,134.34000,135.00000,288800
2020-11-10,134.08000,135.80000,132.62000,134.38000,201100
2020-11-11,135.25999,139.53999,135.06000,139.21001,79100
2020-11-12,138.95000,138.98000,136.44000,137.07001,212500
2020-11-13,138.07001,138.69000,136.17000,136.17000,290800
2020-11-16,137.23000,137.75999,135.67000,137.75999,62300
2020-11-17,137.31000,139.37000,136.42999,136.52000,52100
2020-11-18,137.12000,137.32001,135.38000,136.56000,41900
2020-11-19,136.19000,139.77499,136.19000,138.41000,185700
2020-11-20,139.07001,140.22000,137.89999,139.45000,75100
2020-11-23,139.08000,139.08000,133.57001,133.95000,123600
2020-11-24,134.42999,134.42999,128.95000,131.32001,79700
2020-11-25,131.14000,132.71001,128.77000,132.06000,74100
2020-11-27,133.78999,135.55000,133.14000,134.94000,30300
2020-11-30,135.61000,139.70000,135.41000,138.05000,229900
2020-12-01,138.75000,140.07001,135.00000,140.03000,59300
2020-12-02,139.24001,139.78000,134.13000,135.67999,88000
2020-12-03,135.67999,137.92500,133.94000,134.84000,52000
2020-12-04,134.56000,135.73000,131.25000,131.67000,65000
2020-12-07,133.92500,133.92500,130.44000,132.61000,43400
2020-12-08,132.25000,133.18500,131.57001,132.11000,39100
2020-12-09,132.69000,133.03000,130.66000,130.97000,69300
2020-12-10,130.07001,131.46899,130.07001,130.63000,36400
2020-12-11,129.36000,131.00999,127.61000,128.62000,46700
2020-12-14,128.56000,130.85001,128.56000,129.87000,40000
2020-12-15,129.89999,130.64000,129.78999,130.28000,63600
2020-12-16,130.84000,132.87000,129.39000,132.87000,206200
2020-12-17,132.94000,134.72000,131.53000,132.09000,25400
2020-12-18,132.83000,134.17000,130.33000,132.82001,73200
2020-12-21,132.95000,134.03101,131.22000,133.30000,62100
2020-12-22,132.83000,136.91000,132.13000,136.20000,110300
2020-12-23,136.02000,136.34000,133.20000,133.70000,35200
2020-12-24,132.66000,136.22000,132.66000,135.86000,16000
2020-12-28,136.07001,136.36000,133.87000,134.19000,10700
2020-12-29,135.89999,137.00500,135.02000,135.96001,31300
2020-12-30,135.24001,138.44000,134.07001,135.48000,62300
2020-12-31,135.91000,138.80000,134.84000,136.75999,30000
2021-01-04,136.61000,137.39999,132.13000,133.87000,56500
2021-01-05,134.00000,135.28999,133.52000,135.09000,40600
2021-01-06,133.10001,136.90500,133.10001,134.74001,47400
2021-01-07,133.03000,136.44000,133.03000,135.13000,62200
2021-01-08,136.62000,142.00999,136.62000,141.92999,43500
2021-01-11,140.22200,140.22200,136.23000,137.80000,42100
2021-01-12,139.57001,139.89000,135.03500,135.09000,29400
2021-01-13,135.13499,136.55000,134.73000,135.71001,36500
2021-01-14,136.45000,138.36000,136.21001,137.64000,32400
2021-01-15,137.05000,138.75900,136.80000,138.61000,16400
2021-01-19,140.03000,140.52000,137.82001,138.67999,30100
2021-01-20,138.77000,143.11000,137.24001,141.67000,53800
2021-01-21,140.21001,142.90500,139.28000,140.67000,25000
2021-01-22,139.14999,139.64000,135.47000,136.30000,46100
2021-01-25,137.00000,139.06000,136.30000,138.46001,26400
2021-01-26,139.16000,139.69000,135.75999,137.77000,29000
2021-01-27,135.34000,136.73000,133.75000,135.42000,51500
2021-01-28,135.53999,138.39999,134.17999,136.92000,29500
2021-01-29,136.53000,138.00000,135.80499,136.85001,47000
2021-02-01,139.31000,139.44000,137.28000,138.73000,26300
2021-02-02,139.61000,142.36000,139.39999,142.36000,42000
2021-02-03,142.28000,142.28000,137.73000,139.13000,20600
2021-02-04,139.07001,140.37000,137.59000,139.32001,36200
2021-02-05,139.63000,143.03900,139.44000,142.42999,24500
2021-02-08,143.11000,145.64000,140.71001,144.36000,32500
2021-02-09,144.62000,152.89000,144.62000,150.86000,207200
2021-02-10,154.99001,156.50000,152.87000,154.44000,42700
2021-02-11,153.39999,154.77000,150.16499,150.85001,53100
2021-02-12,151.28000,151.77499,148.28000,149.16000,37900
2021-02-16,150.94000,150.94000,146.32001,149.17999,48400
2021-02-17,149.14000,150.44501,146.91000,149.61000,35200
2021-02-18,149.28000,151.80000,148.83000,150.66000,29700
2021-02-19,152.50999,154.87000,151.84000,153.60001,39000
2021-02-22,153.89000,153.89000,149.07201,151.99001,47500
2021-02-23,152.28000,153.06000,149.37000,152.02000,51500
2021-02-24,150.66000,153.67999,148.96001,153.28999,24200
2021-02-25,153.49001,153.50000,148.96001,149.35001,30900
2021-02-26,151.35001,153.28000,148.38000,151.27000,50500
2021-03-01,152.84000,153.22000,148.83000,151.30000,77500
2021-03-02,150.78000,155.53000,150.78000,154.83000,53400
2021-03-03,154.69000,157.08000,152.14000,156.69000,40200
2021-03-04,157.60001,158.19000,150.42999,152.77000,52600
2021-03-05,152.11501,152.67000,145.49001,148.35001,65600
2021-03-08,147.99001,151.05000,147.70000,149.45000,35400
2021-03-09,151.66000,154.25999,151.66000,152.92000,29800
2021-03-10,153.22000,154.34000,150.42999,150.89000,34100
2021-03-11,151.78000,154.15500,150.48000,153.41000,195900
2021-03-12,152.07001,152.35001,149.36000,151.78000,36700
2021-03-15,153.41000,153.41000,149.48000,151.31000,26100
2021-03-16,151.08000,152.87000,150.75000,152.14000,25500
2021-03-17,150.69000,151.99001,149.00000,151.95000,84600
2021-03-18,152.19000,152.19000,146.39000,147.00999,38600
2021-03-19,147.74001,149.99001,146.16000,149.03999,43800
2021-03-22,150.58501,152.22000,148.52000,151.39000,55200
2021-03-23,151.42999,152.17999,148.67000,149.09000,36500
2021-03-24,147.56000,152.00999,147.56000,149.61000,42100
2021-03-25,147.21001,148.70000,146.63000,147.72000,43000
2021-03-26,148.97000,151.08000,148.00000,149.78999,52600
2021-03-29,150.06500,150.48000,146.21001,146.48000,48000
2021-03-30,144.83000,146.17999,143.58000,146.17999,45100
2021-03-31,147.97000,149.28999,146.69000,148.19000,40000
2021-04-01,148.25000,153.09000,147.85001,153.09000,38600
2021-04-05,152.70500,153.57500,149.31000,149.84000,43900
2021-04-06,149.62000,151.14000,147.89000,151.14000,34900
2021-04-07,150.67000,152.94000,150.45000,151.87000,39700
2021-04-08,150.73100,154.64000,150.73100,154.59000,35000
2021-04-09,154.89000,156.92000,153.53000,156.61000,53300
2021-04-12,156.05000,157.94000,154.55000,157.31000,47800
2021-04-13,157.71001,161.67999,157.63000,160.50000,53000
2021-04-14,161.00000,162.67000,160.28000,161.67999,33400
2021-04-15,162.92999,164.39999,162.31000,163.39000,34000
2021-04-16,163.42999,165.16000,162.92000,164.82001,27700
2021-04-19,163.87000,164.07001,161.82001,162.77000,29700
2021-04-20,161.63000,164.32001,161.31000,161.53999,26600
2021-04-21,162.28000,164.60001,162.28000,164.58000,21400
2021-04-22,165.35001,167.05499,162.12000,166.36000,34600
2021-04-23,167.39000,168.12500,166.08000,167.70000,48200
2021-04-26,167.28000,170.91000,167.28000,169.33000,69600
2021-04-27,169.78000,177.03999,169.78000,174.60001,38200
2021-04-28,173.71001,173.71001,167.84000,167.91000,99100
2021-04-29,168.05000,168.82001,165.17999,165.66000,40700
2021-04-30,165.27000,165.27000,161.67000,162.25000,50800
2021-05-03,163.28000,163.45000,159.32600,162.25000,41000
2021-05-04,161.09000,161.80000,157.99001,159.91000,80100
2021-05-05,160.00000,163.50000,160.00000,163.17000,70100
2021-05-06,163.44000,163.45000,158.92000,160.59000,31500
2021-05-07,162.95000,163.62000,160.75000,163.62000,39900
2021-05-10,163.25999,164.38000,161.50000,162.25000,36000
2021-05-11,160.39000,161.09000,156.58000,158.08000,78600
2021-05-12,158.28000,158.29500,152.56000,155.39999,55400
2021-05-13,156.82001,158.08000,154.00000,155.05000,70100
2021-05-14,155.74001,156.94000,155.36000,156.20000,75400
2021-05-17,155.60001,157.41000,154.45700,157.16000,46300
2021-05-18,157.62000,161.78999,157.08200,161.75000,138100
2021-05-19,161.31000,161.31000,157.71001,159.98000,98200
2021-05-20,160.34500,164.36000,160.32001,163.84000,53800
2021-05-21,162.55000,164.23000,159.49001,159.94000,48300
2021-05-24,161.10001,161.35001,159.82001,160.08000,12800
2021-05-25,160.17000,161.87000,158.95000,160.81000,55600
2021-05-26,161.72000,163.63000,159.55000,160.85001,73600
2021-05-27,160.46001,162.67999,159.13000,162.28999,91100
2021-05-28,162.09000,164.30000,162.09000,162.39000,19700
2021-06-01,163.33000,163.89000,160.88499,162.25999,40200
2021-06-02,163.00000,163.00000,160.81000,162.50999,18300
2021-06-03,161.67000,163.98000,160.96001,163.67999,28200
2021-06-04,164.24001,165.33000,163.35001,165.02000,21300
2021-06-07,165.20000,167.25900,164.88000,166.00000,44500
2021-06-08,167.28000,169.52000,166.64000,168.86000,35200
2021-06-09,170.18500,170.56500,168.50999,169.72000,45200
2021-06-10,169.75000,171.53999,169.75000,170.64000,18200
2021-06-11,169.66000,173.03999,169.66000,172.69000,24300
2021-06-14,174.86000,174.86000,171.61000,171.78999,16300
2021-06-15,171.27000,172.78999,170.95000,171.36000,35600
2021-06-16,172.89000,172.89000,169.84000,170.07001,37600
2021-06-17,169.80000,171.94000,168.42999,170.50999,81500
2021-06-18,170.11000,171.52000,169.28000,170.75000,45500
2021-06-21,170.82001,175.53000,170.67999,174.42000,32000
2021-06-22,173.95599,175.16000,172.91000,174.30000,22700
2021-06-23,176.03000,176.03000,173.72000,174.10001,18600
2021-06-24,176.17999,176.17999,172.83000,174.07001,47800
2021-06-25,174.36000,174.59000,173.03999,173.73000,20700
2021-06-28,173.48000,174.36000,172.06000,173.57001,24500
2021-06-29,173.88000,174.71300,173.47000,173.47000,14900
2021-06-30,172.67000,173.03000,170.36000,171.25999,24200
2021-07-01,170.73000,172.75999,170.03000,172.25000,20300
2021-07-02,174.45000,174.99001,172.28000,174.64000,17300
2021-07-06,174.64000,175.60001,172.22000,175.42999,31300
2021-07-07,175.63499,175.66000,173.67999,174.75000,24200
2021-07-08,173.53000,176.17000,170.10001,174.97000,36400
2021-07-09,174.70000,178.22000,174.70000,178.14000,18100
2021-07-12,178.10001,179.25999,178.10001,179.06000,12300
2021-07-13,178.08900,180.42999,177.36000,178.16000,17700
2021-07-14,178.00999,180.21001,178.00999,178.35001,13200
2021-07-15,179.20000,179.76500,175.58000,175.89999,95700
2021-07-16,176.02000,181.31000,176.02000,180.53000,60400
2021-07-19,179.44000,179.44000,173.35001,174.87000,26000
2021-07-20,175.07001,179.16000,171.34000,178.87000,17500
2021-07-21,179.57001,185.23000,179.50999,184.89000,34600
2021-07-22,185.70000,185.70000,181.97000,182.55000,18600
2021-07-23,182.57001,183.17999,181.19000,182.16000,47400
2021-07-26,181.71001,182.53000,180.69000,180.69000,24400
2021-07-27,186.64999,188.35001,180.36000,184.58000,49000
2021-07-28,185.95000,189.89999,184.89999,187.37000,37500
2021-07-29,189.78999,191.20000,188.66000,189.00999,29900
2021-07-30,188.83000,189.39999,185.30000,185.96001,52300
2021-08-02,185.96001,187.42500,185.60001,186.64999,14200
2021-08-03,186.53101,186.84000,184.75000,186.21001,24300
2021-08-04,186.52000,190.37000,186.52000,189.50000,20700
2021-08-05,189.34000,191.78999,189.34000,190.81000,16700
2021-08-06,189.00000,189.85001,187.73000,189.37000,16400
2021-08-09,190.34000,190.55000,188.56000,189.25000,14500
2021-08-10,190.42999,190.48000,189.61000,189.75999,28200
2021-08-11,190.97000,191.77499,189.59000,189.70000,30900
2021-08-12,189.82001,191.15100,189.25999,190.14000,20600
2021-08-13,189.48000,190.47000,189.16000,189.16000,18200
2021-08-16,189.10001,189.45000,188.00999,188.36000,35600
2021-08-17,186.50000,186.66000,184.13000,186.45000,17200
2021-08-18,186.45000,186.48000,182.33000,182.83000,25000
2021-08-19,182.39999,185.11000,181.11000,184.89999,29000
2021-08-20,183.28000,187.34000,183.28000,187.21001,15600
2021-08-23,189.10001,189.14999,187.39000,188.32001,9400
2021-08-24,187.79300,188.78999,186.91000,188.34000,11400
2021-08-25,189.09000,189.09000,187.32001,188.33000,12600
2021-08-26,188.08000,188.08000,184.80000,187.03000,24500
2021-08-27,186.75999,188.35001,184.74001,184.74001,16800
2021-08-30,186.85001,187.67999,185.06000,186.38000,12900
2021-08-31,187.24899,187.27000,185.75999,186.07001,49300
2021-09-01,187.16000,188.11000,185.75000,187.78999,44000
2021-09-02,188.82001,190.03999,187.38300,190.03999,13200
2021-09-03,190.59000,190.59000,187.73000,188.89000,13100
2021-09-07,186.75999,187.39000,185.50000,186.97000,10400
2021-09-08,186.89000,188.39000,186.79500,187.27000,16300
2021-09-09,187.16000,188.74001,187.16000,187.56500,12900
2021-09-10,187.63000,190.91000,187.63000,189.12000,23200
2021-09-13,189.12000,189.25000,182.59000,184.37000,19300
2021-09-14,185.64000,185.64000,182.50000,182.50000,14500
2021-09-15,188.14999,197.42999,188.14999,192.31000,95200
2021-09-16,192.62000,195.96001,191.42999,192.25999,165700
2021-09-17,192.67000,193.23000,184.36000,186.71001,107800
2021-09-20,186.14000,187.32001,180.63000,186.53000,66300
2021-09-21,188.09000,189.09000,185.33000,185.78999,27000
2021-09-22,185.73000,191.17999,185.58000,191.12000,55300
2021-09-23,192.17000,193.34000,190.48000,191.14999,60700
2021-09-24,190.46001,191.21001,188.25000,191.02000,37000
2021-09-27,191.63000,191.63000,184.28000,185.85001,81800
2021-09-28,184.52000,184.52000,180.92000,183.50000,33000
2021-09-29,183.78999,186.07001,180.95000,181.13000,33700
2021-09-30,181.89999,182.38000,179.78999,180.48000,39100
2021-10-01,180.53999,182.82001,178.25000,182.52000,22500
2021-10-04,182.55000,182.55000,176.72000,178.95000,26000
2021-10-05,178.71001,180.77000,178.71001,180.14999,28700
2021-10-06,179.37000,180.99001,177.83000,180.96001,32600
2021-10-07,182.50000,186.27000,182.50000,184.98000,40000
2021-10-08,184.94000,186.75000,182.78000,183.98000,26200
2021-10-11,185.09000,185.09000,182.39999,183.20000,19600
2021-10-12,183.38000,185.03000,183.28999,183.59000,20200
2021-10-13,184.00000,189.20000,184.00000,188.89999,36100
2021-10-14,190.11000,192.17000,190.11000,191.27000,20000
2021-10-15,190.88000,195.19000,190.88000,194.39999,17600
2021-10-18,194.37000,196.33000,192.19000,195.86000,35500
2021-10-19,195.82001,198.17999,195.82001,196.84000,12400
2021-10-20,199.92999,200.17000,196.75999,199.48000,15900
2021-10-21,199.39999,202.09300,199.39999,200.16000,19500
2021-10-22,200.67000,202.44000,200.44000,202.08000,20600
2021-10-25,200.00000,202.78000,199.22000,201.73000,38500
2021-10-26,202.20000,202.39000,196.03999,198.45000,35000
2021-10-27,198.84000,199.96001,196.60500,198.72000,44000
2021-10-28,198.78000,202.71001,197.49001,201.42999,27400
2021-10-29,199.14999,201.56000,197.67999,199.92000,37500
2021-11-01,199.03999,199.74001,195.67000,197.05000,17500
2021-11-02,196.13000,198.00999,195.34000,195.78000,28300
2021-11-03,195.85001,196.42999,194.50999,195.30000,33500
2021-11-04,195.28000,197.77000,194.53000,197.03999,30700
2021-11-05,197.27600,198.92000,195.25000,195.89999,28900
2021-11-08,196.84000,200.57001,196.84000,198.83000,76700
2021-11-09,198.75000,199.92999,195.39999,196.37000,48300
2021-11-10,196.39999,199.00000,190.78999,191.72000,36100
2021-11-11,192.05000,193.52000,190.20000,192.46001,28500
2021-11-12,192.22000,196.47000,192.22000,196.00999,45400
2021-11-15,196.00999,196.25999,194.00000,194.32001,34300
2021-11-16,196.11000,196.11000,192.88000,194.64999,85800
2021-11-17,194.08000,194.13000,191.36000,191.36000,33800
2021-11-18,190.99001,192.36000,190.35500,191.67999,52000
2021-11-19,192.10001,196.48000,190.82001,195.88000,38900
2021-11-22,196.25000,200.39999,195.26500,198.92999,43300
2021-11-23,198.92999,200.32600,197.03000,199.78999,25300
2021-11-24,199.49001,201.43500,198.22000,200.50000,32400
2021-11-26,198.56000,198.56000,193.60001,193.69000,27000
2021-11-29,196.56000,198.44000,194.56000,198.42000,42900
2021-11-30,197.39999,197.39999,190.25999,192.53999,87600
2021-12-01,193.75999,197.19000,190.64000,190.64000,36100
2021-12-02,191.89999,196.03000,191.89999,194.97000,38200
2021-12-03,196.17000,196.26500,189.07001,189.46001,31800
2021-12-06,189.88000,193.27499,189.47000,192.20000,51000
2021-12-07,195.67999,199.09000,195.50999,197.30000,36100
2021-12-08,198.84000,198.84000,195.53000,195.83000,18300
2021-12-09,194.99001,196.45000,193.10001,193.17000,29500
2021-12-10,193.83000,194.94000,191.91000,192.74001,40500
2021-12-13,193.53999,194.44501,191.42999,192.50000,49700
2021-12-14,191.36000,192.98000,188.19000,188.89999,47500
2021-12-15,188.16000,189.73000,186.68500,188.80000,107400
2021-12-16,189.75000,191.42999,186.20000,187.72000,129500
2021-12-17,185.06000,191.78500,185.06000,189.20000,107000
2021-12-20,187.33000,187.55000,181.03000,182.59000,50600
2021-12-21,183.86000,188.00000,183.39999,188.00000,56200
2021-12-22,188.80000,191.85001,188.64000,191.61000,33000
2021-12-23,192.89000,193.70000,191.67999,192.71001,27100
2021-12-27,195.00000,195.50000,192.39000,195.50000,14200
2021-12-28,195.28999,198.28999,192.53000,193.02000,23500
2021-12-29,193.42000,195.94000,192.50000,194.77000,44200
2021-12-30,195.67000,197.97000,195.44000,196.34000,37700
2021-12-31,195.50000,197.42500,194.66000,196.47000,41500
2022-01-03,198.42999,199.06799,192.41000,193.28000,26800
2022-01-04,192.81000,197.47000,188.85001,189.60001,59900
2022-01-05,189.42999,189.42999,182.00999,182.00999,136800
2022-01-06,177.02000,182.42999,177.02000,180.83000,73200
2022-01-07,180.85001,180.85001,174.95000,176.08000,52200
2022-01-10,174.07001,174.07001,168.68201,172.35001,65300
2022-01-11,172.99001,174.11501,170.84000,172.91000,80000
2022-01-12,173.30000,175.72000,173.00000,173.33000,85800
2022-01-13,174.59000,174.66000,169.91000,170.24001,87900
2022-01-14,168.22000,169.17999,163.85001,165.44000,83900
2022-01-18,162.78999,165.34900,162.34000,162.64000,77600
2022-01-19,163.41000,166.64500,161.71001,161.72000,94200
2022-01-20,162.25000,164.50000,159.35001,159.47000,81000
2022-01-21,158.92000,159.52000,154.81000,155.09000,54100
2022-01-24,153.30000,157.63000,150.16000,156.87000,156600
2022-01-25,153.86000,159.03000,153.20000,157.28000,208000
2022-01-26,159.34801,163.61000,158.14999,158.62000,154000
2022-01-27,160.19000,160.19000,153.00999,153.50000,139200
2022-01-28,153.16000,154.49001,150.86000,154.34000,98300
2022-01-31,154.74001,159.73000,154.00000,159.38000,161100
2022-02-01,160.28999,160.46001,156.92999,158.98000,72300
2022-02-02,159.97000,160.67999,158.78999,160.48000,86700
2022-02-03,158.00999,158.88000,155.23000,155.55000,107800
2022-02-04,154.31000,157.39000,154.03999,156.13000,75600
2022-02-07,157.09000,157.39000,154.61000,155.64999,69700
2022-02-08,155.69000,159.33000,155.60001,158.96001,105900
2022-02-09,159.60001,162.00000,159.60001,161.21001,51900
2022-02-10,158.89999,160.43500,156.44000,156.99001,56600
2022-02-11,157.81000,158.07001,151.41000,152.28000,84200
2022-02-14,152.48000,153.13000,149.53999,151.69000,95600
2022-02-15,153.78999,153.78999,148.77000,151.24001,265600
2022-02-16,151.07001,151.07001,147.88000,149.36000,82000
2022-02-17,148.06000,148.08000,140.67000,140.96001,120700
2022-02-18,140.23000,141.05000,136.34000,138.07001,66000
2022-02-22,138.00000,138.80000,135.72000,136.89000,95400
2022-02-23,138.37000,140.94000,137.69000,137.91000,113900
2022-02-24,134.80000,145.14999,134.35001,144.38000,187400
2022-02-25,144.46001,145.03000,140.25999,145.00000,111400
2022-02-28,143.85001,144.17999,140.37000,142.27000,126100
2022-03-01,142.27000,143.67999,140.14000,142.11000,114900
2022-03-02,142.07001,144.39000,140.00000,143.47000,50800
2022-03-03,143.64999,143.88000,140.21001,141.64999,44600
2022-03-04,140.34000,142.50999,139.87000,141.13000,59800
2022-03-07,141.17000,141.17000,133.73000,133.80000,72800
2022-03-08,133.67999,136.42200,132.42000,133.84000,121800
2022-03-09,137.02000,138.19000,135.08000,135.42000,122400
2022-03-10,133.75000,134.97000,130.89500,133.33000,109700
2022-03-11,133.39000,134.53000,132.02000,134.05000,103200
2022-03-14,134.10001,136.94000,133.25999,134.19000,159500
2022-03-15,133.92000,135.00999,130.56000,131.91000,55400
2022-03-16,133.63000,140.78999,133.41000,140.78999,72800
2022-03-17,140.50000,141.78999,139.88000,141.45000,54900
2022-03-18,140.98000,143.61000,140.75000,142.72000,159500
2022-03-21,142.92999,143.14999,138.56000,142.11000,80800
2022-03-22,143.19000,145.13000,143.08000,143.74001,49100
2022-03-23,143.25999,144.75000,141.00000,144.49001,73100
2022-03-24,144.14000,144.14000,141.20000,142.10001,68400
2022-03-25,141.83000,142.22000,139.66000,142.11000,69500
2022-03-28,141.47000,144.13000,140.82001,142.57001,50400
2022-03-29,144.06000,148.31000,144.06000,147.89000,57800
2022-03-30,146.50000,147.00000,144.53000,145.28000,42200
2022-03-31,145.80000,148.08501,144.61000,144.88000,36400
2022-04-01,145.16000,146.02000,143.21001,144.12000,39400
2022-04-04,144.70000,146.55000,144.70000,145.32001,39100
2022-04-05,144.85001,145.71001,142.88000,143.63000,28800
2022-04-06,141.61000,142.33000,140.62300,142.14000,42300
2022-04-07,141.95000,144.28999,140.82001,143.86000,75900
2022-04-08,143.10001,143.12000,139.70000,139.78000,191500
2022-04-11,138.23000,139.83000,137.30000,139.09000,52300
2022-04-12,140.20000,141.75000,135.78000,135.89000,54200
2022-04-13,136.24001,138.40500,135.88000,137.84000,47700
2022-04-14,137.44000,137.82001,135.64999,135.94000,40800
2022-04-18,135.87000,135.87000,131.92000,133.03000,33300
2022-04-19,132.89999,137.51500,132.89999,136.78999,42100
2022-04-20,138.00999,139.73000,136.71001,137.42000,44700
2022-04-21,137.92999,137.94000,134.50000,134.95000,70700
2022-04-22,133.75999,134.03999,130.42999,131.31000,57000
2022-04-25,130.64000,131.27000,128.17000,130.95000,53900
2022-04-26,129.57001,129.57001,124.17000,124.40000,93700
2022-04-27,121.70000,126.84500,121.51000,124.13000,183100
2022-04-28,124.65000,129.81000,122.58000,128.62000,285700
2022-04-29,127.60000,129.84000,124.46000,124.89000,89700
2022-05-02,123.96000,124.87000,121.48000,123.38000,53800
2022-05-03,123.10000,123.94000,121.61500,121.96000,50600
2022-05-04,121.89000,124.42000,119.81000,124.42000,50700
2022-05-05,121.96000,121.96000,118.89000,120.58000,84200
2022-05-06,119.01700,122.83000,118.54500,121.90000,103300
2022-05-09,120.38000,122.33000,118.86500,119.64000,113800
2022-05-10,122.02000,122.02000,116.13000,118.33000,124400
2022-05-11,117.82000,119.66000,115.66000,116.80000,103900
2022-05-12,115.33000,119.80000,115.33000,116.75000,142900
2022-05-13,118.54000,124.46100,117.67000,123.67000,91800
2022-05-16,123.67000,125.08000,121.48000,124.56000,42500
2022-05-17,126.43000,126.88000,124.34000,125.74000,52800
2022-05-18,125.51000,125.51000,119.32000,119.68000,49100
2022-05-19,119.30000,121.87000,118.99000,120.17000,52400
2022-05-20,121.58000,121.59000,118.84000,120.67000,46200
2022-05-23,121.04000,122.20500,120.00000,121.76000,21400
2022-05-24,120.24000,121.27000,117.57000,117.73000,34700
2022-05-25,116.35000,119.35000,116.35000,117.59000,29800
2022-05-26,118.51000,121.22900,118.51000,120.45000,27200
2022-05-27,121.66000,125.95000,121.44000,125.95000,61000
2022-05-31,124.81000,128.28000,124.27000,128.13000,80300
2022-06-01,128.13000,128.13000,123.78000,124.33000,29200
2022-06-02,124.28000,127.63000,124.12000,127.45000,41300
2022-06-03,126.96000,126.96000,122.86000,124.66000,40000
2022-06-06,126.30000,127.48500,125.27000,125.65000,25900
2022-06-07,124.94000,127.61000,124.77000,126.82000,27300
2022-06-08,126.81000,128.84000,126.60000,128.38000,84800
2022-06-09,127.16000,128.52000,126.02000,126.20000,112500
2022-06-10,125.14000,125.14000,120.90000,120.90000,47600
2022-06-13,119.09000,119.63000,117.10000,118.54000,91400
2022-06-14,118.28000,119.46000,116.72500,118.09000,57000
2022-06-15,118.47000,121.39000,118.04500,120.10000,65700
2022-06-16,117.12500,117.12500,112.64000,112.76000,88000
2022-06-17,113.56000,117.21000,113.39000,115.10000,79200
2022-06-21,116.16000,117.75400,116.07000,116.54000,35600
2022-06-22,116.11000,118.63000,115.62500,117.10000,64500
2022-06-23,117.10000,119.92000,117.01500,119.69000,54700
2022-06-24,121.08000,123.70000,120.66000,123.58000,79900
2022-06-27,124.29000,124.29000,119.96000,120.18000,38100
2022-06-28,120.84000,121.57000,119.16000,119.54000,36000
2022-06-29,132.92000,132.92000,117.45000,120.13000,96800
2022-06-30,118.67000,122.46000,116.99000,121.20000,62800
2022-07-01,122.23000,127.69200,121.33800,122.91000,24300
2022-07-05,120.69000,125.02000,119.93000,125.02000,57900
2022-07-06,124.97000,126.09000,123.75000,124.12000,67400
2022-07-07,125.27000,127.54000,124.07000,127.18000,75700
2022-07-08,126.63000,128.78999,125.98000,128.57001,44000
2022-07-11,127.75000,129.23000,126.17000,126.79000,119600
2022-07-12,126.28000,130.02000,126.28000,129.48000,60800
2022-07-13,128.42000,128.83000,126.61000,128.57001,120000
2022-07-14,127.66000,128.58000,124.68000,125.11000,135100
2022-07-15,125.72000,127.56000,122.82000,125.08000,105700
2022-07-18,126.64000,128.06000,125.60000,126.88000,38400
2022-07-19,127.67000,129.92000,127.05000,129.92000,38300
2022-07-20,130.14000,133.20000,130.12000,132.82001,48400
2022-07-21,133.09000,134.42999,131.38000,134.23000,57100
2022-07-22,134.55000,135.59000,131.13000,131.89999,38300
2022-07-25,132.10001,132.88000,131.13000,132.42000,48400
2022-07-26,132.05000,132.05000,128.84000,129.66000,63500
2022-07-27,129.97000,132.21001,127.31000,131.61000,78000
2022-07-28,130.94000,132.73000,129.03000,131.85001,41700
2022-07-29,131.85001,134.58000,131.73000,133.84000,60100
2022-08-01,133.67000,135.38000,132.48000,134.00999,35900
2022-08-02,134.00000,134.27000,131.70000,133.88000,132200
2022-08-03,135.12000,135.12000,131.95000,132.07001,36400
2022-08-04,131.55000,132.59000,131.02000,132.16000,29300
2022-08-05,130.42000,131.80000,129.53999,131.57001,46100
2022-08-08,132.82001,135.06000,132.31500,132.48000,38600
2022-08-09,131.53999,131.60001,128.35500,128.71001,44700
2022-08-10,130.64999,134.58000,130.64999,134.58000,27000
2022-08-11,134.98000,135.94000,134.00999,134.81000,27100
2022-08-12,135.82800,139.84500,135.82800,139.33000,45900
2022-08-15,139.22000,139.75999,136.75000,138.24001,33700
2022-08-16,138.13000,139.02499,136.96001,138.64999,45700
2022-08-17,137.94000,137.94000,135.81000,136.00000,33200
2022-08-18,136.08099,137.46001,135.53999,136.42000,29500
2022-08-19,135.58000,136.73000,133.00000,134.13000,55600
2022-08-22,132.39999,133.50999,131.25999,131.73000,68400
2022-08-23,132.00000,133.07001,131.35001,132.00999,36300
2022-08-24,133.24001,135.28000,132.50000,132.60001,37200
2022-08-25,132.63000,133.75000,132.28999,133.00000,36200
2022-08-26,132.78000,132.78000,127.99000,128.21001,61000
2022-08-29,127.62000,129.25999,125.72000,125.93000,31100
2022-08-30,125.57000,126.41500,124.00000,124.09000,40200
2022-08-31,124.19000,126.70000,124.19000,125.07000,82000
2022-09-01,125.05000,125.05000,120.64000,121.81000,76400
2022-09-02,121.41000,123.11000,120.13000,120.61000,44800
2022-09-06,121.28000,121.62000,119.71000,120.30000,77400
2022-09-07,120.00000,123.22000,120.00000,123.16000,53900
2022-09-08,123.08000,126.37900,121.74000,126.30000,35000
2022-09-09,127.94000,129.71001,127.85000,129.71001,32200
2022-09-12,129.88000,131.09000,129.36501,130.97000,25900
2022-09-13,127.84000,128.67000,125.94000,126.49000,55900
2022-09-14,125.92000,125.95500,124.48000,125.07000,30200
2022-09-15,123.94000,126.73000,123.13000,123.68000,61700
2022-09-16,121.90000,121.91300,120.24000,120.74000,57100
2022-09-19,119.99000,120.78000,119.68000,120.61000,36500
2022-09-20,118.84000,118.84000,116.80000,116.80000,88600
2022-09-21,116.82000,121.05000,115.85000,118.95000,81200
2022-09-22,117.33000,117.34000,115.33000,115.95000,48000
2022-09-23,114.73000,114.97000,112.44000,114.64000,69500
2022-09-26,114.64000,116.55000,114.10500,115.96000,167300
2022-09-27,117.82000,120.04000,117.45000,118.73000,113900
2022-09-28,119.26000,120.08000,118.06000,119.67000,73800
2022-09-29,117.88000,119.31000,115.47000,117.99000,133900
2022-09-30,118.27000,121.21000,118.03000,119.01000,107600
2022-10-03,120.09000,120.74000,117.34000,119.82000,56400
2022-10-04,121.52000,129.32500,121.52000,128.99001,81600
2022-10-05,127.66000,128.09000,125.20000,126.92000,68200
2022-10-06,126.47000,131.17000,124.04000,130.66000,383300
2022-10-07,128.70000,128.70000,120.96000,121.49000,74900
2022-10-10,121.91000,122.67000,121.16000,122.22000,16500
2022-10-11,120.83000,121.20000,118.40000,118.85000,56400
2022-10-12,118.33000,119.94000,118.17000,119.28000,36600
2022-10-13,116.87000,120.93000,114.80000,120.29000,49300
2022-10-14,120.44000,121.59000,117.94000,118.58000,33200
2022-10-17,121.93000,123.95000,121.28000,121.64000,49000
2022-10-18,123.95000,125.05000,122.36000,123.88000,43900
2022-10-19,123.44000,123.44000,118.18000,118.81000,34800
2022-10-20,118.88000,120.69000,118.88000,120.31000,52600
2022-10-21,119.90000,123.09000,118.19000,122.86000,42300
2022-10-24,122.69000,125.23000,121.57000,125.17000,33900
2022-10-25,126.94000,129.03999,126.88000,128.37000,67700
2022-10-26,127.56000,128.87000,125.56000,128.34000,80600
2022-10-27,128.75000,129.48000,124.03000,124.19000,92700
2022-10-28,123.53000,126.76000,123.42000,126.25000,31900
2022-10-31,125.17000,126.08100,123.71000,125.01000,34200
2022-11-01,126.27500,127.05000,124.76000,125.52000,79400
2022-11-02,125.80500,126.02000,120.93000,121.06000,47300
2022-11-03,119.49000,122.27000,118.13500,120.51000,37600
2022-11-04,122.40000,123.56400,119.76000,119.91000,54300
2022-11-07,119.13000,120.39000,118.71000,120.07000,48600
2022-11-08,120.00000,122.82000,119.31000,122.31000,131200
2022-11-09,121.89000,122.69000,119.60000,119.63000,56400
2022-11-10,123.88000,130.77000,123.88000,127.75000,118600
2022-11-11,128.22000,130.11000,127.48500,129.95000,120700
2022-11-14,129.75000,130.41000,125.89000,126.47000,79300
2022-11-15,129.28000,130.02000,126.22000,126.53000,42500
2022-11-16,124.94000,125.82000,123.51000,124.06000,69300
2022-11-17,122.26000,123.71000,121.72000,122.93000,77500
2022-11-18,123.91000,124.87000,122.91000,123.99000,96000
2022-11-21,123.79000,126.93000,123.03000,124.92000,78200
2022-11-22,125.82000,126.84500,124.25000,126.13000,61600
2022-11-23,126.03000,126.78000,125.68000,126.61000,163600
2022-11-25,127.22000,128.27400,127.07000,127.77000,36300
2022-11-28,126.45000,128.39999,125.40000,125.46000,57200
2022-11-29,123.79000,125.90000,123.79000,124.98000,35400
2022-11-30,125.82000,129.45000,125.82000,129.37000,70700
2022-12-01,129.46001,131.84000,129.31000,131.70000,108600
2022-12-02,130.48000,131.94501,129.62000,129.85001,54500
2022-12-05,129.63000,129.63000,124.91000,125.14000,41200
2022-12-06,125.39000,125.39000,120.50000,120.83000,110700
2022-12-07,120.80000,122.71000,120.62000,121.75000,97100
2022-12-08,122.85000,125.17000,121.56000,123.73000,100800
2022-12-09,122.65000,124.97000,122.65000,123.59000,80300
2022-12-12,124.38000,125.09400,123.36000,124.00000,73000
2022-12-13,127.97000,128.53999,124.90000,126.07000,76100
2022-12-14,125.87000,126.31000,123.31000,123.95000,40500
2022-12-15,122.62000,122.99000,120.32000,121.37000,83200
2022-12-16,120.88000,122.59000,120.28000,121.42000,107900
2022-12-19,121.48000,121.77500,120.11000,120.26000,58000
2022-12-20,120.05000,120.05000,118.11500,119.51000,40400
2022-12-21,120.54000,125.61000,120.46500,124.89000,56500
2022-12-22,123.19000,123.19000,120.41000,121.82000,40400
2022-12-23,122.10000,122.71000,120.20000,122.53000,44400
2022-12-27,122.96000,123.72800,121.56000,122.54000,38100
2022-12-28,124.48000,124.48000,120.30000,121.06000,52400
2022-12-29,122.64400,124.02000,122.64400,123.78000,31900
2022-12-30,123.41000,123.48000,121.77000,122.55000,24000
2023-01-03,124.27500,124.80000,121.94000,123.13000,33600
2023-01-04,124.59000,127.19000,124.59000,127.11000,37700
2023-01-05,125.00000,125.00000,122.85000,123.35000,26200
2023-01-06,124.02000,127.92000,122.68000,127.77000,34500
2023-01-09,128.52000,131.83000,128.20000,130.50999,47700
2023-01-10,130.78000,133.73000,130.15500,133.42999,54100
2023-01-11,134.41000,136.38000,134.41000,136.06000,26900
2023-01-12,136.48000,138.48000,136.47000,138.14000,26600
2023-01-13,137.24001,140.59000,136.64000,139.64000,27700
2023-01-17,140.28000,140.42000,138.30000,138.75999,42600
2023-01-18,140.13499,141.30000,138.71001,138.94000,33900
2023-01-19,137.67999,139.44000,135.07001,135.08000,57000
2023-01-20,135.25000,138.05000,134.42000,137.83000,31300
2023-01-23,137.09000,140.64999,136.81000,140.37000,30000
2023-01-24,140.84000,141.35001,139.75999,140.72000,20400
2023-01-25,139.00000,142.96001,138.21500,142.89000,43400
2023-01-26,143.11000,143.87199,140.87000,141.30000,47300
2023-01-27,141.33000,143.75500,141.00200,142.94000,26400
2023-01-30,142.16499,143.98900,138.81000,138.89999,61600
2023-01-31,139.50999,143.16000,139.50999,142.89999,49200
2023-02-01,142.39000,144.36000,139.66000,144.25000,52200
2023-02-02,145.34000,147.92999,145.06000,147.92999,58100
2023-02-03,146.17000,148.70000,144.37000,145.14000,62000
2023-02-06,143.08000,143.37500,141.50999,142.16000,51700
2023-02-07,143.96001,144.89000,141.00999,143.25999,48600
2023-02-08,143.00000,146.88000,141.89000,142.20000,37300
2023-02-09,143.05000,144.71001,141.88000,141.94000,95200
2023-02-10,142.20000,143.22000,140.73000,142.96001,47100
2023-02-13,143.25999,143.62000,141.74001,143.16000,25900
2023-02-14,143.58000,146.17999,141.87000,146.13000,60500
2023-02-15,144.64999,144.82001,142.50999,143.92000,104700
2023-02-16,141.61000,142.80000,140.47000,142.00000,41000
2023-02-17,141.94000,142.20000,139.91000,141.89999,56100
2023-02-21,139.88000,140.28999,138.42999,138.61000,43400
2023-02-22,139.11000,139.24001,137.52000,137.97000,36100
2023-02-23,138.97000,139.25000,137.20000,138.89000,34600
2023-02-24,136.14999,136.50000,134.64999,136.28999,34200
2023-02-27,137.53999,138.28999,136.71001,137.88000,27300
2023-02-28,138.00000,138.07001,136.33000,137.23000,188200
2023-03-01,136.57001,137.64000,135.53500,136.47000,25000
2023-03-02,134.50999,135.62000,134.11000,135.49001,50600
2023-03-03,136.42999,138.17000,135.60001,137.99001,42200
2023-03-06,137.72000,138.39999,136.30000,137.06000,41000
2023-03-07,136.81000,137.32001,135.84100,136.28999,29200
2023-03-08,135.66000,138.24001,135.66000,137.27000,35200
2023-03-09,137.58501,138.03000,135.39000,135.73000,19400
2023-03-10,135.42999,135.42999,131.97000,133.28999,52000
2023-03-13,132.25999,135.44000,132.03000,134.82001,70500
2023-03-14,137.56000,138.94000,134.22000,136.33000,56100
2023-03-15,134.09000,134.59000,132.03000,133.20000,58100
2023-03-16,132.14999,136.28000,132.10001,136.28000,56600
2023-03-17,135.31000,135.92000,134.03000,135.32001,37500
2023-03-20,134.74001,136.69000,134.70000,136.60001,28000
2023-03-21,137.63000,138.25500,134.92000,135.70000,44800
2023-03-22,134.49500,136.78999,134.17999,134.17999,40900
2023-03-23,135.23000,138.05000,133.75000,133.94000,75700
2023-03-24,133.02000,134.50999,131.75000,134.11000,24800
2023-03-27,134.28999,136.39000,133.87000,136.02000,20000
2023-03-28,135.77000,136.07001,135.00000,135.42999,26700
2023-03-29,137.16000,137.36000,135.67000,137.30000,24700
2023-03-30,137.50000,138.80000,137.50000,138.73000,51800
2023-03-31,139.99001,141.50999,139.99001,140.99001,73400
2023-04-03,140.03000,141.28000,139.57001,140.58000,40500
2023-04-04,141.36000,141.98000,139.96800,140.47000,39500
2023-04-05,140.24001,140.39999,137.42000,138.47000,33400
2023-04-06,137.12000,140.25999,137.12000,140.00000,34800
2023-04-10,138.56000,140.89999,138.52000,140.42999,56800
2023-04-11,140.89999,141.09000,139.88000,140.02000,45500
2023-04-12,141.32001,142.70599,141.00000,141.33000,34300
2023-04-13,141.61000,143.36000,141.61000,143.14999,24300
2023-04-14,142.97000,144.75999,142.89500,144.66000,44900
2023-04-17,144.75999,146.02000,144.72000,145.80000,36600
2023-04-18,146.85001,146.88000,142.69501,142.85001,46400
2023-04-19,142.42000,146.60001,142.42000,145.14000,57100
2023-04-20,144.16000,145.89500,144.16000,145.24001,65700
2023-04-21,145.42999,146.31000,144.59000,146.09000,42200
2023-04-24,146.52000,146.52000,144.87000,145.45000,25500
2023-04-25,145.67999,145.67999,142.73000,142.78999,43600
2023-04-26,143.91000,147.66000,143.30000,145.13000,79000
2023-04-27,146.56000,148.12000,145.35001,147.10001,90100
2023-04-28,147.10001,150.78999,146.97501,150.74001,82300
2023-05-01,150.89000,151.38000,148.30000,148.39999,49600
2023-05-02,147.80000,147.80000,145.34000,147.28999,40400
2023-05-03,147.87000,148.53500,146.08000,146.17999,50100
2023-05-04,146.30000,147.13499,145.09000,145.27000,59200
2023-05-05,146.37000,147.87000,146.07001,146.49001,88400
2023-05-08,146.21001,147.78500,142.75000,142.98000,61700
2023-05-09,141.59000,144.23000,139.67999,143.53999,90100
2023-05-10,144.00999,146.03000,144.00999,145.11000,48700
2023-05-11,144.71001,148.02000,144.27000,147.81000,88300
2023-05-12,147.59000,147.71001,144.73000,145.47000,59400
2023-05-15,146.23000,148.01500,145.74500,147.53999,111800
2023-05-16,147.42000,148.19000,147.02000,147.12000,77100
2023-05-17,147.50000,147.98000,145.84000,147.89999,48200
2023-05-18,147.55000,147.98000,146.50000,147.00000,46300
2023-05-19,147.28999,148.78999,146.78000,147.66000,55500
2023-05-22,148.23000,148.58000,146.89999,147.17000,30900
2023-05-23,147.03999,147.83000,143.31000,143.31000,53600
2023-05-24,142.44000,142.67999,141.46001,142.25999,42700
2023-05-25,142.14999,143.25999,141.82500,143.00999,45400
2023-05-26,143.11000,145.20000,142.94000,144.74001,46700
2023-05-30,145.81000,146.00999,145.13000,145.39000,52900
2023-05-31,145.33000,147.20000,143.72000,145.14000,66200
2023-06-01,145.09000,146.92999,144.45000,146.36000,37900
2023-06-02,146.62000,148.65500,145.95500,147.81000,66200
2023-06-05,147.03000,150.41499,145.97000,146.06000,56500
2023-06-06,147.16000,147.31000,145.96001,146.71001,64300
2023-06-07,147.55000,148.13000,145.92999,146.03000,59500
2023-06-08,139.50400,146.38000,139.47900,145.57001,49700
2023-06-09,145.33000,146.21500,144.56000,145.81000,36100
2023-06-12,146.00000,146.56000,145.57001,145.98000,23800
2023-06-13,146.99001,147.42000,146.07001,147.42000,41200
2023-06-14,147.92000,148.28999,146.20000,147.33000,70100
2023-06-15,146.48000,147.31000,146.03999,146.86000,69800
2023-06-16,145.85001,146.83000,143.64999,144.49001,73400
2023-06-20,143.70500,144.53999,143.05000,143.08000,75600
2023-06-21,142.64500,144.14000,141.57001,143.00999,102100
2023-06-22,143.21001,144.39999,142.53999,143.12000,108900
2023-06-23,141.72000,145.52499,141.72000,145.48000,53200
2023-06-26,144.92000,147.42999,144.92000,146.19000,35800
2023-06-27,147.00000,150.00000,147.00000,149.33000,81100
2023-06-28,148.71001,149.64999,147.56000,148.85001,74300
2023-06-29,148.50500,150.97000,148.50500,150.97000,82300
2023-06-30,153.45000,156.87000,152.25000,154.09000,101700
2023-07-03,154.09000,155.72000,153.64000,155.50000,13400
2023-07-05,154.28000,156.22000,154.15500,155.08000,89000
2023-07-06,153.45000,154.23000,151.92999,152.39000,77900
2023-07-07,153.00000,153.77000,152.31000,152.95000,53900
2023-07-10,152.89000,154.11501,152.74500,153.59000,135200
2023-07-11,154.48000,155.72000,154.48000,155.06000,91200
2023-07-12,156.50000,160.28500,156.50000,159.96001,68900
2023-07-13,160.84000,160.94501,158.52000,158.70000,66500
2023-07-14,159.17000,160.07001,158.09000,159.74001,58800
2023-07-17,159.85001,160.94000,159.05000,159.21001,85700
2023-07-18,157.27000,158.93500,157.03000,158.05000,105000
2023-07-19,158.71001,159.41499,158.33000,159.22000,104700
2023-07-20,158.56000,158.95500,157.36000,157.53000,49000
2023-07-21,157.96001,158.28999,156.89999,156.97000,83200
2023-07-24,157.03000,157.34500,151.63000,156.89999,74800
2023-07-25,157.30499,157.84000,156.80000,156.89999,129100
2023-07-26,156.19000,157.14999,156.11000,156.84000,60600
2023-07-27,163.95000,163.95000,154.70000,155.96001,113200
2023-07-28,157.42000,158.13000,153.56000,153.71001,63600
2023-07-31,153.42000,156.74001,153.41000,156.63000,64400
2023-08-01,155.85001,157.67999,155.20000,157.61000,110200
2023-08-02,156.28000,157.53000,153.57500,153.81000,55600
2023-08-03,151.72000,153.75000,151.72000,153.39999,34200
2023-08-04,153.49500,155.08000,153.16000,153.85001,48900
2023-08-07,153.89000,156.61000,152.88000,152.89999,28400
2023-08-08,151.64000,152.19000,150.75000,151.24001,57600
2023-08-09,151.71001,152.03000,150.56000,151.78000,77300
2023-08-10,152.07001,154.61000,152.07001,153.61000,60800
2023-08-11,152.55000,155.09000,152.55000,154.99001,72600
2023-08-14,155.22000,155.22000,152.41499,152.67000,37900
2023-08-15,151.63000,151.71001,149.00999,149.00999,33600
2023-08-16,148.87000,149.33000,148.27000,149.00000,44000
2023-08-17,149.55000,149.55000,146.16000,146.41000,64300
2023-08-18,146.14000,146.99001,144.84000,146.80000,20600
2023-08-21,146.77000,146.77000,144.48000,145.03000,36900
2023-08-22,145.92999,145.92999,143.49001,144.14000,27800
2023-08-23,144.87000,147.19501,144.87000,146.78000,83000
2023-08-24,147.07001,147.07001,145.66000,145.88000,64900
2023-08-25,146.03999,147.40500,145.27000,146.39999,36100
2023-08-28,146.81000,149.47000,146.81000,148.99001,32100
2023-08-29,148.96001,150.86000,148.75000,150.28000,74600
2023-08-30,149.83000,152.39301,149.83000,152.12000,63100
2023-08-31,152.14999,154.22000,150.86000,151.13000,41500
2023-09-01,152.38000,153.47000,150.36000,152.80000,46600
2023-09-05,152.56000,152.97000,150.14999,151.11000,72700
2023-09-06,151.03000,153.20000,151.03000,151.73000,49400
2023-09-07,150.92999,151.53500,150.42999,150.97000,37800
2023-09-08,151.48000,151.48000,149.87000,150.30000,67300
2023-09-11,151.05000,154.30000,150.31000,153.56000,78800
2023-09-12,153.19000,154.64999,152.12000,152.12000,41500
2023-09-13,152.47000,153.96001,150.17999,152.67000,66300
2023-09-14,153.05000,158.41000,153.05000,157.97000,88200
2023-09-15,156.69000,157.55000,153.10001,154.34000,85400
2023-09-18,152.70000,158.09000,152.70000,157.25000,54600
2023-09-19,157.70500,157.70500,155.30000,155.36000,53000
2023-09-20,156.05000,157.41499,155.32001,155.39000,26100
2023-09-21,154.24001,154.24001,150.86000,151.27000,153000
2023-09-22,151.83000,152.64999,150.27000,150.32001,36000
2023-09-25,150.21001,150.74001,149.37000,149.75000,47400
2023-09-26,148.39999,149.03000,146.82500,147.50999,55900
2023-09-27,147.32001,148.10001,144.73500,145.23000,66200
2023-09-28,146.14999,147.53999,145.92999,146.27000,51100
2023-09-29,147.70000,147.70000,145.28999,145.53999,44800
2023-10-02,144.37000,144.97000,142.39000,142.85001,34000
2023-10-03,141.30000,142.91499,140.41000,141.42000,57600
2023-10-04,142.39000,143.20000,140.50999,142.39999,37200
2023-10-05,142.78999,143.41000,141.88800,143.41000,35000
2023-10-06,143.00999,145.64999,141.92999,144.92999,29300
2023-10-09,143.80000,145.37000,142.24001,145.34000,15500
2023-10-10,144.53999,148.59000,144.42999,146.00999,42000
2023-10-11,146.30000,149.05000,146.08000,147.92999,44400
2023-10-12,147.83000,149.06500,144.96001,145.25999,36900
2023-10-13,144.24001,144.92000,142.03999,142.77000,27600
2023-10-16,144.17000,144.25999,143.00000,143.60001,39000
2023-10-17,142.59000,145.12000,142.42000,143.39999,56300
2023-10-18,142.75000,143.21001,139.49001,139.49001,64800
2023-10-19,139.74001,140.30000,138.02000,140.30000,66100
2023-10-20,139.95000,140.27000,138.92000,139.14999,29600
2023-10-23,138.25000,142.38000,137.55000,140.57001,54100
2023-10-24,140.35001,140.89000,139.47000,139.99001,67000
2023-10-25,139.23000,139.23000,136.87500,137.99001,68900
2023-10-26,135.62000,139.24001,134.77000,136.95000,74500
2023-10-27,137.58000,138.87000,135.06000,137.06000,49600
2023-10-30,138.16000,143.02000,137.94000,142.00000,82400
2023-10-31,142.14999,143.09000,141.47000,141.47000,73900
2023-11-01,140.78000,143.72000,140.75999,143.35001,58000
2023-11-02,143.66000,147.85400,143.66000,145.97000,60800
2023-11-03,147.52499,149.25000,146.63000,146.91000,90700
2023-11-06,146.83000,147.17999,144.45000,145.11000,89500
2023-11-07,142.35001,145.00000,142.10001,143.64999,107200
2023-11-08,142.48000,145.87000,142.48000,144.33000,57000
2023-11-09,144.83000,145.25500,142.92000,143.81000,57400
2023-11-10,144.07001,144.14000,142.34000,144.14000,31100
2023-11-13,144.07001,145.96001,143.14999,144.64999,48800
2023-11-14,147.45000,153.19501,147.45000,152.64000,59700
2023-11-15,153.36000,154.16000,149.05000,153.28000,70300
2023-11-16,152.69000,154.29500,151.60001,151.60001,48500
2023-11-17,151.72000,154.99001,151.72000,152.85001,40600
2023-11-20,153.34000,154.71001,152.61000,154.71001,33600
2023-11-21,155.14000,156.25999,153.39999,153.83000,33700
2023-11-22,154.72000,156.28000,153.56000,155.69000,28300
2023-11-24,157.37000,158.47000,156.97000,158.23000,16000
2023-11-27,157.92999,157.92999,154.58000,156.05000,89000
2023-11-28,156.75000,158.47000,155.53999,157.19000,31500
2023-11-29,158.46001,158.46001,155.65500,156.22000,41900
2023-11-30,157.00999,157.35001,155.58000,156.92000,60100
2023-12-01,158.09000,159.34000,157.50000,159.00000,18900
2023-12-04,157.97000,159.30000,155.39999,158.48000,34100
2023-12-05,158.78999,161.59000,157.88000,160.05000,48000
2023-12-06,160.97000,162.85500,160.62500,161.57001,48300
2023-12-07,162.39000,164.83000,162.06500,163.50000,60200
2023-12-08,163.84000,164.33000,162.78999,163.74001,70400
2023-12-11,164.19000,164.19000,161.91499,162.50999,39300
2023-12-12,163.06000,163.06000,161.25000,161.39000,30400
2023-12-13,161.82001,163.40500,159.11000,163.05000,91800
2023-12-14,163.67000,165.25999,161.00000,161.25000,155700
2023-12-15,160.95000,161.86501,156.98000,159.74001,197700
2023-12-18,160.24001,163.13000,160.24001,162.06000,77300
2023-12-19,163.39000,165.78999,163.39000,165.08000,136500
2023-12-20,166.27000,166.27000,160.55000,160.55000,88300
2023-12-21,161.81000,162.88000,160.87000,161.34000,113100
2023-12-22,162.33000,163.25999,161.38000,163.25999,77600
2023-12-26,163.16000,165.03000,163.16000,163.89999,42900
2023-12-27,163.97000,165.22000,162.67000,163.50999,114700
2023-12-28,164.28000,165.08000,162.46001,162.91000,63700
2023-12-29,162.47000,162.99001,161.58501,162.09000,43900
2024-01-02,161.89000,161.89000,157.03999,158.25999,47800
2024-01-03,157.14999,159.13000,156.70300,157.99001,68100
2024-01-04,158.61000,160.45000,157.99001,158.96001,74500
2024-01-05,158.84000,160.03000,157.47000,159.12000,53100
2024-01-08,159.09000,161.61501,158.27000,161.10001,73200
2024-01-09,159.52000,161.17999,159.24001,160.64000,40700
2024-01-10,161.25999,162.57001,160.35001,160.57001,30100
2024-01-11,161.11000,161.50999,158.03500,160.67999,48000
2024-01-12,161.83000,163.23000,161.30000,162.44000,72600
2024-01-16,161.59000,161.78500,158.94501,161.46001,105500
2024-01-17,159.67000,160.55499,157.25000,157.42000,86700
2024-01-18,158.53000,161.97000,158.53000,161.89999,84000
2024-01-19,162.42999,164.38000,160.89000,164.03999,107500
2024-01-22,165.14999,165.14999,163.89999,163.89999,68800
2024-01-23,164.69000,166.16000,162.89000,163.45000,80000
2024-01-24,165.23000,165.99001,163.14000,163.14000,50200
2024-01-25,164.10500,166.30000,163.98000,165.87000,28900
2024-01-26,166.61000,167.69501,166.05000,167.30000,47000
2024-01-29,167.32001,170.73000,166.07001,170.49001,78300
2024-01-30,170.25000,171.94000,169.70000,170.89999,141500
2024-01-31,170.47000,171.50999,167.21001,167.63000,85600
2024-02-01,168.41000,170.94501,168.14000,170.89999,41400
2024-02-02,168.66000,171.21001,167.59000,170.69000,77300
2024-02-05,170.28999,170.28999,167.36000,168.14000,80400
2024-02-06,166.02000,168.16000,161.12500,164.17999,138200
2024-02-07,165.98000,165.98000,162.00000,164.14999,157500
2024-02-08,165.20000,166.80000,164.52000,166.06000,70400
2024-02-09,166.67000,168.39000,165.23000,166.32001,50400
2024-02-12,166.80000,167.12500,165.48801,165.89999,60100
2024-02-13,164.22000,164.22000,160.66000,162.85001,98100
2024-02-14,163.89000,165.45000,162.86000,165.45000,100000
2024-02-15,166.96001,168.05000,166.30000,167.52000,59000
2024-02-16,166.50000,167.24001,164.80000,165.27000,103400
2024-02-20,165.78000,165.78000,162.73000,164.38000,50800
2024-02-21,164.56000,164.56000,161.99001,163.75000,85500
2024-02-22,165.05000,166.97000,165.05000,166.37000,78200
2024-02-23,167.25000,167.25000,163.99001,164.67999,73900
2024-02-26,165.03000,165.45500,163.63000,164.42000,44900
2024-02-27,165.97000,165.97000,163.02499,163.62000,92600
2024-02-28,163.00000,164.63000,162.03000,164.37000,71600
2024-02-29,165.60001,165.89000,163.88000,164.92999,67400
2024-03-01,165.36000,165.99500,164.34500,165.94000,54000
2024-03-04,165.14999,167.28999,165.14999,166.67000,40600
2024-03-05,166.02000,166.02000,162.14999,162.53999,53900
2024-03-06,164.64999,164.64999,162.70000,163.50000,46900
2024-03-07,164.60001,167.13000,164.59000,167.08000,69300
2024-03-08,168.12000,168.21001,166.49001,166.92999,83400
2024-03-11,167.16000,167.30000,164.75000,164.91000,93600
2024-03-12,164.92999,167.35300,164.75999,166.94000,66700
2024-03-13,167.48000,171.09000,167.00000,169.33000,69800
2024-03-14,170.33000,171.23000,167.86000,171.13000,50400
2024-03-15,170.07001,171.00000,168.02000,168.19000,71400
2024-03-18,168.39999,169.94000,167.99001,168.24500,92500
2024-03-19,168.58000,168.58000,166.29800,167.72000,42500
2024-03-20,168.34000,170.49001,167.42999,169.48000,65700
2024-03-21,170.77000,170.77000,168.00000,168.16000,96500
2024-03-22,168.49001,168.49001,165.72000,165.87000,70000
2024-03-25,165.05000,166.63000,164.56000,164.72000,121900
2024-03-26,164.69000,165.88000,164.17999,164.30000,83400
2024-03-27,165.02000,167.09000,163.99001,166.64999,136400
2024-03-28,166.47000,167.22000,165.39000,165.80000,65500
2024-04-01,166.25999,166.25999,163.52000,164.87000,68900
2024-04-02,163.71001,164.45000,160.89999,161.56000,47200
2024-04-03,161.81000,163.08000,161.17000,161.41000,95100
2024-04-04,163.06000,163.06000,156.67000,157.14999,227100
2024-04-05,157.61000,159.74001,157.53999,158.84000,165900
2024-04-08,158.70000,159.64000,156.30000,156.67000,50100
2024-04-09,157.00999,158.76100,155.95500,158.30000,84600
2024-04-10,155.12000,156.50500,153.75999,155.00000,83100
2024-04-11,155.25999,155.52000,153.31000,154.81000,54300
2024-04-12,153.89000,154.33000,152.72000,154.17999,63600
2024-04-15,154.99001,155.78000,151.67000,152.30000,61400
2024-04-16,152.31000,152.31000,150.50000,150.75999,50000
2024-04-17,151.89999,151.89999,149.89000,150.10001,71000
2024-04-18,149.63600,150.44000,148.10001,149.39999,59400
2024-04-19,149.39999,150.54500,148.92000,149.38000,90200
2024-04-22,149.38000,152.21001,148.73000,152.13000,95600
2024-04-23,153.10001,154.08501,152.97000,153.27000,59900
2024-04-24,152.09801,155.11900,151.42999,154.78999,151700
2024-04-25,153.73000,153.89999,150.58000,151.62000,132900
2024-04-26,152.06000,152.72000,149.74001,149.80000,82200
2024-04-29,150.19000,151.11000,148.13000,149.17999,58800
2024-04-30,148.89000,149.03000,146.91000,147.00000,47500
2024-05-01,147.00000,148.36000,145.59000,146.55000,62900
2024-05-02,148.12000,150.77000,147.30000,150.77000,77400
2024-05-03,151.92000,152.22000,149.41000,149.53999,107200
2024-05-06,150.49001,150.89000,149.71001,150.59000,127700
2024-05-07,151.37000,151.46001,149.74001,150.78000,145100
2024-05-08,149.77000,151.27000,149.53000,151.03999,60000
2024-05-09,151.22000,151.99001,150.63000,151.73000,89200
2024-05-10,152.12000,152.75000,150.07001,150.66000,32200
2024-05-13,151.28000,151.85001,148.19501,148.42000,35400
2024-05-14,149.19000,150.07001,147.85001,148.71001,39800
2024-05-15,150.17999,150.24001,148.70000,149.28000,64100
2024-05-16,149.53000,150.82001,148.38000,149.17000,66600
2024-05-17,150.07001,150.53000,147.91000,148.62000,78400
2024-05-20,148.30000,150.55499,148.30000,149.55000,94700
2024-05-21,149.42999,149.42999,147.16000,147.53999,75700
2024-05-22,147.38000,147.44000,143.62000,144.46001,173100
2024-05-23,145.47000,145.47000,142.34000,142.86000,74900
2024-05-24,143.42999,144.06500,142.46001,143.64999,108600
2024-05-28,144.12000,144.92000,143.08501,144.32001,102300
2024-05-29,143.28000,143.60500,141.25999,141.83000,104900
2024-05-30,142.28000,143.75999,141.75000,143.63000,155500
2024-05-31,144.38000,147.16000,143.69000,147.12000,199400
2024-06-03,146.67999,150.66000,146.67999,149.64000,153900
2024-06-04,149.66000,150.49001,149.00000,150.17000,94700
2024-06-05,150.34000,151.34000,149.92999,151.23000,117600
2024-06-06,151.10001,151.56000,149.09500,149.34000,98200
2024-06-07,148.16000,150.42000,147.23000,149.98000,99000
2024-06-10,149.64999,150.91000,148.96500,150.91000,58700
2024-06-11,149.70000,150.32001,148.56000,150.07001,43500
2024-06-12,152.34000,154.89999,152.34000,153.22000,101300
2024-06-13,152.98000,153.23000,149.45000,151.00000,121400
2024-06-14,149.92000,152.56000,149.17000,152.53999,67300
2024-06-17,151.75999,153.62000,151.64000,153.11000,59500
2024-06-18,152.89999,153.32001,150.47000,150.75999,85500
2024-06-20,149.99001,151.05000,148.42999,150.99001,70300
2024-06-21,151.62000,153.10001,150.71001,152.77000,117200
2024-06-24,153.00999,153.79500,150.99500,152.56000,181000
2024-06-25,152.67999,153.09000,151.03000,152.37000,87600
2024-06-26,151.58000,151.58000,149.20000,149.71001,40100
2024-06-27,149.83000,151.80000,149.44000,151.80000,73700
2024-06-28,152.39999,152.45000,150.87000,152.37000,136000
2024-07-01,152.02000,153.09500,150.52499,152.13000,101800
2024-07-02,152.72000,154.94000,152.15500,154.48000,150200
2024-07-03,154.39999,157.45000,154.39999,156.14000,45400
2024-07-05,156.32001,156.32001,153.25000,153.25999,70300
2024-07-08,153.39999,154.17999,152.32001,154.06000,61300
2024-07-09,153.88000,154.02800,152.53000,153.07001,90000
2024-07-10,153.75999,154.55000,152.72000,154.39999,66900
2024-07-11,155.00000,159.36000,154.61000,159.35001,138900
2024-07-12,160.42999,163.39999,159.11301,163.19000,166300
2024-07-15,162.95000,163.85001,162.00000,162.81000,75300
2024-07-16,163.64000,165.84000,162.92000,165.75999,93100
2024-07-17,164.85001,165.50999,163.28999,164.81000,150500
2024-07-18,164.35001,166.17999,161.99001,162.72000,84800
2024-07-19,162.94000,164.24001,162.94000,164.07001,74500
2024-07-22,164.46001,167.10001,164.46001,166.02000,126400
2024-07-23,165.96001,166.84000,165.17000,166.32001,43000
2024-07-24,166.22000,166.64999,163.33000,163.74001,80800
2024-07-25,164.66000,175.59500,164.66000,174.37000,202400
2024-07-26,175.09000,177.45500,174.78000,175.63000,119700
2024-07-29,175.52000,176.12000,174.14000,174.83000,52600
2024-07-30,175.58000,176.14999,174.79500,175.52000,79400
2024-07-31,177.24001,177.24001,173.78500,174.56000,79700
2024-08-01,175.75000,176.56000,171.96001,173.53999,75000
2024-08-02,171.92999,172.58000,169.36000,170.33000,97200
2024-08-05,163.42999,169.23000,161.88000,168.24001,74200
2024-08-06,168.66000,170.78999,165.64000,169.94000,71800
2024-08-07,171.78999,171.78999,167.60500,167.63000,79400
2024-08-08,169.14000,170.45000,168.19000,169.50000,61400
2024-08-09,170.17000,170.24500,167.82001,169.52000,28900
2024-08-12,169.49001,170.71500,167.06000,167.97000,36100
2024-08-13,169.02000,171.03000,167.48000,170.71001,51200
2024-08-14,171.45000,171.45000,169.29900,170.35001,37800
2024-08-15,171.67000,173.41000,170.67000,171.50999,36100
2024-08-16,170.55000,171.83000,170.24001,171.45000,41400
2024-08-19,171.73000,174.83000,171.21800,174.81000,87700
2024-08-20,174.74001,175.16000,173.78999,174.06000,92400
2024-08-21,175.23000,175.38000,173.53999,173.91000,91400
2024-08-22,174.37000,175.39999,174.10001,175.39000,79600
2024-08-23,175.92999,176.66000,175.00500,175.72000,126900
2024-08-26,176.69000,178.23000,176.25999,177.78000,56700
2024-08-27,176.78000,180.57001,176.53000,179.50000,93500
2024-08-28,179.70000,179.98000,177.25999,177.71001,58200
2024-08-29,178.49001,179.52000,177.10500,177.44000,54400
2024-08-30,178.28000,180.50999,177.61000,180.05000,110100
2024-09-03,179.13000,179.25000,177.70000,178.47000,73800
2024-09-04,178.67999,181.23000,178.14999,179.31000,94600
2024-09-05,180.07001,180.75999,177.75000,178.87000,50500
2024-09-06,178.95000,179.28000,175.50000,177.27000,75900
2024-09-09,177.12000,179.75800,177.12000,177.46001,56800
2024-09-10,177.32001,178.76500,176.07001,178.45000,60500
2024-09-11,177.11000,179.25999,175.16000,179.08000,71400
2024-09-12,179.06000,180.96001,178.66000,180.31000,56000
2024-09-13,181.19000,182.28500,181.15500,182.07001,55900
2024-09-16,182.78000,182.87500,179.44000,181.00000,47500
2024-09-17,180.96001,181.29500,178.53000,178.75000,56100
2024-09-18,178.75000,180.91000,176.70000,179.12000,171600
2024-09-19,181.44000,181.44000,179.75500,180.38000,110500
2024-09-20,180.31000,181.99500,179.41499,181.00999,182300
2024-09-23,181.50999,182.71001,180.61000,182.67000,90600
2024-09-24,182.37000,183.45500,181.78500,183.13000,55800
2024-09-25,182.96001,182.97501,181.02000,181.45000,47100
2024-09-26,182.36000,183.14000,180.56000,181.27000,45700
2024-09-27,181.47000,183.86000,180.36000,180.36000,249400
2024-09-30,180.11000,182.97000,179.81000,182.46001,67500
2024-10-01,183.20000,183.24001,180.66000,182.31000,55100
2024-10-02,181.22000,182.53000,180.60500,180.91000,104600
2024-10-03,179.89000,180.44000,177.57001,178.19000,45900
2024-10-04,178.67999,178.73000,176.61000,177.03999,50500
2024-10-07,176.74001,176.74001,175.11000,176.17000,79900
2024-10-08,176.73000,180.78999,175.45500,180.39999,95400
2024-10-09,179.49001,184.86000,179.49001,184.83000,112200
2024-10-10,183.46001,184.63000,182.80000,183.98000,130700
2024-10-11,184.92000,187.52000,184.92000,185.80000,63400
2024-10-14,185.25000,186.50000,184.75500,184.78000,21300
2024-10-15,184.85001,187.16499,184.22501,187.00000,59900
2024-10-16,187.28000,189.89000,187.16000,187.69000,41000
2024-10-17,187.28000,188.51801,187.24001,188.10001,23700
2024-10-18,188.35001,188.44000,186.03000,186.98000,61300
2024-10-21,186.94000,187.45000,184.61000,185.09000,43200
2024-10-22,184.05000,184.16499,183.02000,183.31000,52000
2024-10-23,182.95000,184.95000,182.48000,184.53999,53200
2024-10-24,192.03000,192.03000,185.01500,189.64999,150900
2024-10-25,188.77000,192.71001,188.36000,189.69000,86200
2024-10-28,190.96001,190.96001,187.66000,188.33000,84200
2024-10-29,188.00000,191.03000,187.32001,190.85001,105100
2024-10-30,190.63000,191.31000,188.16000,188.16000,76700
2024-10-31,188.00000,188.28500,184.91000,185.17000,110200
2024-11-01,185.17000,187.94000,185.17000,187.19000,67400
2024-11-04,187.28999,191.16000,185.21700,188.35001,53100
2024-11-05,187.59000,189.39000,187.59000,187.87000,119100
2024-11-06,189.55000,190.53999,182.60500,186.39000,97800
2024-11-07,186.82001,188.55000,186.82001,187.64000,84600
2024-11-08,187.34000,188.66499,186.96001,188.05000,95900
2024-11-11,188.45000,188.72501,185.83600,186.69000,82300
2024-11-12,185.64000,187.52000,185.64000,187.08000,74700
2024-11-13,187.22000,188.13499,186.62000,187.09000,66500
2024-11-14,187.08000,187.78000,184.97000,185.25999,44100
2024-11-15,185.71001,187.66000,182.92000,186.16000,171400
2024-11-18,185.69000,187.16000,182.95000,183.91000,115800
2024-11-19,183.61000,186.83900,182.56000,186.08000,181300
2024-11-20,185.27000,188.44000,185.20500,188.44000,205400
2024-11-21,189.50000,192.25000,188.64999,191.99001,88400
2024-11-22,192.48000,194.23599,191.50000,192.48000,54700
2024-11-25,193.11000,197.84000,192.92999,197.05000,103000
2024-11-26,195.57001,196.61000,193.60001,194.03999,80800
2024-11-27,194.31000,195.58000,193.94501,194.80000,63400
2024-11-29,194.32001,194.58000,193.03000,194.19000,26600
2024-12-02,193.80000,194.22000,191.89500,192.20000,78800
2024-12-03,192.64000,192.95500,190.74500,191.85001,101900
2024-12-04,191.28000,193.87000,191.28000,193.21001,56300
2024-12-05,192.53000,195.50999,192.41000,194.25999,56600
2024-12-06,195.75999,195.81000,191.61000,192.05000,65700
2024-12-09,191.89000,193.19000,191.81500,191.83000,46900
2024-12-10,191.03999,192.63499,189.64101,190.32001,98500
2024-12-11,190.82001,192.15500,190.56000,191.13000,99800
2024-12-12,190.73000,192.19000,190.23000,190.44000,109300
2024-12-13,190.44000,190.44000,187.08000,188.05000,109500
2024-12-16,187.16000,188.98100,184.14999,187.02000,121300
2024-12-17,185.89999,187.71001,185.31000,186.36000,113100
2024-12-18,187.31000,187.31000,181.32500,181.48000,134200
2024-12-19,181.81000,183.74500,181.53999,182.12500,126600
2024-12-20,181.72000,184.37000,181.72000,183.67000,138700
2024-12-23,182.70000,184.02000,181.42999,183.71001,143200
2024-12-24,184.12000,184.60001,183.53000,184.48000,107500
2024-12-26,183.57001,184.67999,182.83900,184.67999,19800
2024-12-27,184.25000,184.25000,181.98000,183.72000,76000
2024-12-30,183.00999,183.00999,179.98500,181.49001,51700
2024-12-31,181.31000,182.39000,179.82300,181.02000,167700
2025-01-02,181.42000,181.89999,178.77000,178.88000,51500
2025-01-03,179.69000,181.87000,179.22501,181.61000,55100
2025-01-06,184.25999,184.39999,178.73000,179.38000,120100
2025-01-07,179.88000,180.79100,176.80499,178.00000,57400
2025-01-08,177.80000,178.07500,176.78999,177.49001,69100
2025-01-10,176.62000,176.62000,172.97000,174.61000,205800
2025-01-13,174.11000,175.42000,172.21001,175.35001,353500
2025-01-14,175.58000,177.34000,174.80499,177.06000,53500
2025-01-15,179.14000,180.00999,177.02000,179.71001,83300
2025-01-16,180.00000,181.00000,178.84000,180.06000,94300
2025-01-17,181.34000,185.20000,180.53000,182.36000,65900
2025-01-21,181.64999,186.21500,181.64999,182.63000,165500
2025-01-22,182.30000,186.09000,181.89000,185.64000,175500
2025-01-23,185.72000,186.80000,184.69501,184.97000,261900
2025-01-24,185.09000,186.41499,184.00000,185.45000,116900
2025-01-27,184.02000,186.56000,184.02000,185.88000,78000
2025-01-28,185.67000,186.77000,185.05499,185.45000,77600
2025-01-29,185.34000,185.34000,182.88000,183.01500,75600
2025-01-30,184.14999,185.95000,183.09000,184.17999,101900
2025-01-31,184.61000,184.61000,181.53999,181.87000,127800
2025-02-03,179.77000,181.75000,178.12000,180.39999,132300
2025-02-04,181.78999,183.67000,180.52000,181.64999,150800
2025-02-05,182.97000,182.97000,171.60500,173.94000,277500
2025-02-06,173.32001,174.44600,169.00999,171.42999,255300
2025-02-07,171.07001,173.37100,170.83000,173.03000,182000
2025-02-10,173.34000,177.12000,171.96001,177.00000,128100
2025-02-11,176.56000,176.62601,173.78999,174.10001,96600
2025-02-12,172.10001,173.96001,171.12000,172.28000,77800
2025-02-13,172.28000,175.94000,171.67999,175.73000,95400
2025-02-14,175.89000,177.08000,174.48000,175.36000,104100
2025-02-18,174.70000,175.20000,173.13000,174.61000,163000
2025-02-19,174.31000,175.41000,171.04500,174.09000,131300
2025-02-20,174.10001,175.48000,173.61000,174.81000,83300
2025-02-21,175.55000,175.95000,171.78999,174.62000,134300
2025-02-24,174.45000,175.22501,173.27901,173.35001,116500
2025-02-25,172.92999,177.86000,172.92999,176.99001,105700
2025-02-26,177.38000,178.41000,176.48000,176.75000,75900
2025-02-27,175.97000,176.62000,175.22501,176.20000,65000
2025-02-28,175.85001,176.50000,174.32001,176.42999,222500
2025-03-03,176.03000,179.51500,175.25000,176.03000,100700
2025-03-04,174.99001,176.74500,172.54500,175.50999,92400
2025-03-05,175.03000,177.08000,173.05499,176.87000,160500
2025-03-06,175.09000,176.33000,173.25000,173.25000,127600
2025-03-07,173.87000,173.87000,169.20000,170.78999,158500
2025-03-10,170.49001,171.79500,165.33501,166.00000,145000
2025-03-11,168.50000,168.63000,163.83000,165.12000,158300
2025-03-12,165.69000,167.95000,163.48000,164.06000,173000
2025-03-13,163.59000,163.59000,158.69000,159.66000,449100
2025-03-14,161.08000,165.46001,160.38000,165.45000,226200
2025-03-17,165.07001,169.80000,165.07001,168.55000,279200
2025-03-18,167.73000,168.66000,165.39999,168.00999,211100
2025-03-19,168.32001,171.25000,166.75000,170.46001,161500
2025-03-20,167.72000,170.83000,166.05000,169.77000,127100
2025-03-21,168.39999,170.37000,167.88000,170.30000,153400
2025-03-24,171.87000,174.36000,165.99001,173.61000,377800
2025-03-25,173.53000,174.58501,170.35001,171.48000,190500
2025-03-26,171.78000,174.25500,170.84000,171.44000,108800
2025-03-27,172.89999,173.74001,168.74001,168.91000,113000
2025-03-28,169.78999,170.23000,164.98000,166.05000,168200
2025-03-31,165.36000,169.97000,164.59000,165.95000,490900
2025-04-01,166.64999,170.19501,165.22000,168.63000,185500
2025-04-02,170.78000,171.81000,166.52000,171.49001,193500
2025-04-03,168.66000,171.80000,164.23000,167.00999,148200
2025-04-04,163.91000,164.85001,159.88499,160.89999,118300
2025-04-07,156.89999,163.06500,153.13000,161.60001,283900
2025-04-08,165.45000,168.50999,156.72000,158.92999,213600
2025-04-09,157.24001,170.61000,157.21001,168.14000,222100
2025-04-10,166.23000,168.11000,161.32001,164.44000,216600
2025-04-11,164.75999,166.89999,160.70000,166.53999,186100
2025-04-14,169.63000,171.46001,167.32001,168.82001,101200
2025-04-15,169.72000,171.63000,169.34000,170.64999,138200
2025-04-16,170.72000,172.55000,169.60001,171.95000,161900
2025-04-17,171.25999,173.45000,168.67500,172.03000,97800
2025-04-21,170.58000,172.16000,169.64999,170.80000,133500
2025-04-22,171.95000,173.17999,171.00000,172.03999,128200
2025-04-23,172.39999,175.78500,172.24001,172.71001,87200
2025-04-24,174.40500,175.50999,171.70000,171.84000,104500
2025-04-25,170.45000,172.95000,170.14999,170.92999,98100
2025-04-28,170.53999,172.64000,170.52000,171.99001,92100
2025-04-29,172.30000,173.24300,171.28000,172.10001,63400
2025-04-30,170.42999,175.85001,169.78999,175.53000,134300
2025-05-01,175.96001,176.82001,174.87000,175.25000,113400
2025-05-02,176.63000,177.22000,175.00000,176.17999,137800
2025-05-05,175.89000,177.13000,173.83000,174.00999,99300
2025-05-06,170.95000,174.53999,170.95000,172.95000,129700
2025-05-07,173.92999,174.84000,173.28000,174.82001,100200
2025-05-08,174.60001,175.96001,173.45000,174.89999,118300
2025-05-09,174.62000,175.89500,173.25999,173.39999,61700
2025-05-12,175.74001,176.36501,174.37000,176.25999,74100
2025-05-13,176.88000,177.89000,174.92000,175.14999,75700
2025-05-14,174.91000,176.05499,171.00999,171.71001,126800
2025-05-15,172.14999,176.31000,172.14999,175.61000,118500
2025-05-16,175.37000,176.39000,174.80000,175.63000,74300
2025-05-19,174.78000,176.90401,174.24001,176.10001,47200
2025-05-20,175.11000,176.64999,174.94000,176.34000,125200
2025-05-21,176.00000,176.55499,172.99001,173.03999,99700
2025-05-22,173.45000,173.45000,171.67000,172.36000,72900
2025-05-23,171.89999,174.07700,171.04500,173.06000,66300
2025-05-27,174.70000,177.03500,174.20000,176.11000,63500
2025-05-28,175.74001,177.52499,174.75000,175.39999,68500
2025-05-29,174.52299,176.50000,174.39799,175.75000,91700
2025-05-30,176.09000,176.36000,174.89500,175.39500,113400
2025-06-02,175.07001,175.91000,173.09000,175.17999,108700
2025-06-03,174.52000,175.71001,172.32001,174.75999,75200
2025-06-04,174.24001,176.70000,172.08299,176.23000,38900
2025-06-05,177.13000,177.50999,174.89500,176.39999,102800
2025-06-06,177.22000,177.22000,174.23500,176.07001,68600
2025-06-09,176.50000,177.77499,174.61501,177.32001,124500
2025-06-10,177.81000,180.38000,177.47000,179.74001,73100
2025-06-11,179.92999,181.61000,177.53500,178.03000,75900
2025-06-12,177.24001,178.49400,177.24001,178.33000,52100
2025-06-13,176.50000,178.04500,176.23000,176.74001,90800
2025-06-16,177.14999,180.13000,177.05000,178.03000,111000
2025-06-17,177.31000,178.28999,177.00500,177.62500,63400
2025-06-18,177.88000,179.63000,177.57001,177.59000,75000
2025-06-20,178.05000,178.92000,171.52000,172.74001,111800
2025-06-23,173.03999,175.94000,171.19501,175.84000,421900
2025-06-24,176.03999,179.42000,174.97000,177.31500,110400
2025-06-25,176.72000,176.72000,171.31000,171.37000,148400
2025-06-26,172.48000,173.31000,171.72501,172.48000,135900
2025-06-27,172.53000,174.64000,171.91499,172.92000,151400
2025-06-30,172.82001,174.88000,171.62500,174.62000,486400
2025-07-01,174.70000,176.67000,172.79500,175.69000,68600
2025-07-02,174.97000,178.87000,172.60001,176.14999,216400
2025-07-03,177.00000,178.92999,176.62000,178.78999,41200
2025-07-07,177.30000,178.28000,175.86501,176.71001,106300
2025-07-08,176.53000,178.92000,176.36000,177.08000,101800
2025-07-09,178.20000,178.39500,176.77000,177.70000,78100
2025-07-10,176.50000,180.05000,176.50000,178.72000,113700
2025-07-11,178.17999,178.46500,176.42999,177.94000,115100
2025-07-14,177.36000,180.85001,177.36000,179.03000,159200
2025-07-15,179.24001,179.87000,176.56000,176.67000,71700
2025-07-16,178.14999,178.14999,175.35500,176.96001,107800
2025-07-17,173.79500,178.94000,173.79500,175.77000,124700
2025-07-18,176.69000,178.19000,174.69501,178.12000,175500
2025-07-21,179.02000,181.14500,178.20000,179.78999,117400
2025-07-22,180.49001,182.27499,179.66000,179.66000,117600
2025-07-23,180.00000,180.80000,178.40500,179.06000,84600
2025-07-24,186.66000,198.73000,184.44000,194.00000,447500
2025-07-25,196.35001,200.41000,195.25000,200.08000,204600
2025-07-28,199.10001,201.10001,195.41000,195.57001,266600
2025-07-29,196.88000,199.36000,196.10001,196.62000,524800
2025-07-30,197.19000,199.25999,195.50999,197.53000,253100
2025-07-31,196.78999,198.63000,195.75999,197.22000,170400
2025-08-01,195.99001,197.42500,194.00999,195.80000,120200
2025-08-04,197.00000,198.00999,196.56000,196.80000,53900
2025-08-05,196.31000,198.50000,195.88000,197.28000,116600
2025-08-06,197.97000,197.97000,195.06000,195.98000,101100
2025-08-07,196.58000,199.14000,196.58000,198.74001,152300
2025-08-08,199.30000,199.30000,197.11000,197.53999,124700
2025-08-11,197.02000,197.89000,195.61000,195.75000,79600
2025-08-12,195.91000,196.08000,194.64999,195.17999,68100
2025-08-13,196.44000,199.83000,195.98000,199.83000,207400
2025-08-14,198.08000,199.77000,197.47000,199.64999,119700
2025-08-15,199.39000,200.20000,198.03999,198.22000,70500
2025-08-18,198.81000,199.07001,197.23000,198.06000,64200
2025-08-19,200.28999,201.67000,199.03999,200.36000,60200
2025-08-20,199.07001,201.33000,199.06000,199.32001,144800
2025-08-21,198.17999,199.69000,197.13000,197.34000,74600
2025-08-22,198.23000,201.22501,197.41000,199.78999,117300
2025-08-25,199.67999,200.55000,198.73500,200.25000,59900
2025-08-26,200.45500,202.55499,200.45500,201.50999,86500
2025-08-27,201.02000,202.03000,195.17500,201.17000,61100
2025-08-28,201.07001,202.28999,199.31000,200.62000,61100
2025-08-29,200.48500,202.08000,199.72000,201.20000,62000
2025-09-02,198.24001,198.59000,196.81500,197.54500,60000
2025-09-03,196.77000,198.81500,196.77000,198.57001,57900
2025-09-04,199.48000,202.12000,198.98000,202.12000,56700
2025-09-05,202.80000,203.80000,201.28000,201.58000,38300
2025-09-08,201.28000,206.50999,200.34700,206.41000,97600
2025-09-09,205.34000,206.27000,204.38000,205.89000,63700
2025-09-10,205.72000,206.39500,204.53999,204.60001,84000
2025-09-11,205.45000,209.66000,204.62000,208.42999,146700
2025-09-12,208.75000,208.75000,204.39000,204.41000,71400
2025-09-15,205.34000,205.99001,203.56500,204.92999,206600
2025-09-16,205.69000,205.69000,202.20000,202.67000,115700
2025-09-17,203.78000,205.50000,202.82001,203.21001,101800
2025-09-18,203.25000,204.53999,201.32001,201.60001,80300
2025-09-19,201.74001,202.67000,199.45000,201.59000,162000
2025-09-22,200.51500,202.03999,197.77499,197.95000,199700
2025-09-23,198.14999,198.16000,192.88000,194.28999,229500
2025-09-24,194.75000,194.75000,190.84000,191.05000,223600
2025-09-25,190.89999,191.47000,190.33000,191.22000,99300
2025-09-26,191.42999,192.89999,188.74001,189.70000,98800
2025-09-29,189.80000,190.64999,188.94000,189.62000,314700
2025-09-30,189.64999,191.70000,187.28999,190.49001,188900
2025-10-01,189.66000,191.00000,187.88000,188.00000,82200
2025-10-02,187.66000,188.98000,186.84500,187.71001,152900
2025-10-03,188.53999,190.10500,187.85001,188.72000,77100
2025-10-06,188.82001,189.72000,185.96001,186.22000,211900
2025-10-07,187.14000,188.03999,186.20000,187.03000,75500
2025-10-08,186.09000,186.50000,184.73300,185.03999,187600
2025-10-09,184.55000,185.75999,183.96001,184.14999,55200
2025-10-10,185.75000,185.75000,183.14999,183.14999,105000
2025-10-13,183.31000,185.08000,182.80000,184.50999,50000
2025-10-14,185.82001,185.82001,183.71001,184.38000,166500
2025-10-15,185.45500,187.96001,184.95000,184.95000,92600
2025-10-16,185.63000,186.27000,182.60001,182.96001,128700
2025-10-17,183.12500,183.97501,181.83000,183.25999,248800
2025-10-20,184.03999,184.42000,182.47000,183.58000,153900
2025-10-21,183.10001,186.49100,183.10001,185.00999,167600
2025-10-22,185.53999,185.59000,183.98000,184.75999,196300
2025-10-23,185.00000,189.05000,165.17000,166.73000,425300
2025-10-24,171.87500,171.87500,162.88000,164.64000,517700
2025-10-27,165.23000,166.47501,162.50000,162.69000,386300
2025-10-28,161.82001,164.60500,159.09000,159.44000,283600
2025-10-29,158.38000,160.12000,155.74001,155.75000,497600
2025-10-30,155.74001,156.83000,154.58000,156.45000,237900
2025-10-31,155.08000,160.64999,154.68300,159.41000,777700
2025-11-03,158.13000,159.14500,155.88499,157.27000,395700
2025-11-04,156.97000,156.97000,154.43500,155.64000,167200
2025-11-05,156.63000,156.71001,153.87000,154.94000,311200
2025-11-06,154.20000,154.77000,152.94000,153.82001,273800
2025-11-07,153.62000,154.70000,151.33000,151.41000,227800
2025-11-10,151.77000,152.97000,149.13000,152.28000,295300
2025-11-11,152.94000,156.92000,151.92999,156.70000,210600
2025-11-12,156.31000,158.84000,155.72000,156.35001,136900
2025-11-13,155.84000,156.71001,154.78500,155.74001,82100
2025-11-14,155.55000,157.38000,155.28000,156.13000,240000
2025-11-17,155.73000,155.73000,150.56000,150.72501,152600
2025-11-18,150.08000,151.32500,149.62000,150.91000,246700
2025-11-19,151.69000,153.12000,150.18500,152.27000,144500
2025-11-20,153.02000,153.92000,151.00000,151.88000,315200
2025-11-21,152.36000,157.03000,152.00000,154.88000,146500
2025-11-24,154.33000,154.64000,151.03500,152.13000,169300
2025-11-25,152.36000,153.95000,152.30000,152.95000,233400
2025-11-26,152.75000,154.32001,152.75000,153.73000,82300
2025-11-28,153.07001,156.98000,152.91000,156.85001,200900
2025-12-01,155.50000,158.03000,155.50000,156.08000,215400
2025-12-02,156.14500,156.14500,152.48500,154.33000,122000
2025-12-03,153.89000,155.33000,153.50999,154.45000,93600
2025-12-04,154.42000,156.53999,154.42000,154.91000,97200
2025-12-05,155.66000,157.21001,154.29500,154.92000,124400
2025-12-08,154.70000,154.70000,151.62500,152.80000,376600
2025-12-09,153.39000,154.29500,149.84000,149.87000,163400
2025-12-10,150.22000,151.15500,147.23000,149.71001,352200
2025-12-11,150.63000,154.90500,150.19000,152.72000,338900
2025-12-12,153.20000,154.53999,151.75000,154.53999,196300
2025-12-15,155.00000,155.00000,152.17999,152.97000,341900
2025-12-16,153.31000,155.85500,153.23500,154.67000,191500
2025-12-17,154.62000,155.03999,153.25000,154.00000,255100
2025-12-18,154.33000,158.19000,154.20000,157.99001,313000
2025-12-19,158.00000,158.36501,154.64000,154.69000,622800
2025-12-22,154.72000,155.75000,152.75000,152.99001,299600
2025-12-23,153.31000,154.94000,152.95000,154.94000,165100
2025-12-24,155.52000,157.35500,155.21001,156.47000,113900
2025-12-26,156.03000,157.27000,155.00000,156.74001,50500
2025-12-29,157.10001,157.66000,156.00000,156.42999,74700
2025-12-30,156.14000,157.03000,155.58501,155.88000,91100
2025-12-31,156.27000,156.84500,154.85001,155.53000,110800
2026-01-02,155.33000,155.50999,150.71001,150.99001,176900
2026-01-05,150.97000,154.69299,149.33501,152.97000,110600
2026-01-06,152.85001,156.62000,152.40500,155.14000,119200
2026-01-07,155.72000,155.82001,153.59500,154.28000,126900
2026-01-08,154.28000,156.67999,153.17000,156.28000,148700
2026-01-09,156.30000,159.82001,155.12000,159.47000,622300
2026-01-12,159.20000,160.59000,158.56000,160.47000,202600
2026-01-13,160.81000,160.81000,156.58000,156.72000,171000
2026-01-14,157.06000,161.50000,156.00000,160.78000,177100
2026-01-15,161.00000,163.91000,160.94000,163.13000,178900
2026-01-16,162.02000,163.28999,160.41499,162.23000,117600
2026-01-20,160.78999,162.39500,159.88000,160.92000,205100
2026-01-21,162.05000,162.91499,160.05499,160.74001,152900
2026-01-22,161.11000,162.69000,158.67999,159.89999,131400
2026-01-23,159.36000,160.03000,158.34000,160.03000,73200
2026-01-26,160.87000,162.21001,159.63499,161.19000,183400
2026-01-27,160.36000,160.67500,157.25000,157.49001,176700
2026-01-28,157.49001,158.85500,156.87000,158.23000,175800
2026-01-29,157.33000,158.36000,154.22000,155.44000,437700
2026-01-30,155.77499,156.06000,152.96500,155.25999,280300
2026-02-02,155.25999,155.75000,153.13000,153.64000,200500
2026-02-03,153.63000,154.59000,150.92999,154.55000,276100
2026-02-04,156.69000,166.73000,154.00000,165.10001,435300
2026-02-05,165.45000,165.45000,157.28000,158.67999,360900
2026-02-06,158.67999,161.14000,157.03999,160.80000,289500
2026-02-09,160.50000,164.36000,160.25000,164.28999,190200
2026-02-10,164.28999,166.42000,161.71001,161.83000,617200
2026-02-11,161.83000,163.80000,155.71001,157.53999,370800
2026-02-12,157.96001,158.70000,150.03000,150.39999,238300
2026-02-13,151.64000,154.87500,147.93500,154.64999,525600
2026-02-17,154.25999,156.53500,153.11000,154.30000,219000
2026-02-18,153.98000,157.49001,153.98000,156.86000,328500
2026-02-19,157.35001,157.35001,154.78500,156.06000,142300
2026-02-20,155.28999,156.59000,153.99001,155.75000,146500
2026-02-23,155.75000,155.75000,151.03000,151.83000,207400
2026-02-24,151.05000,156.06500,150.81000,155.14999,282900
2026-02-25,154.55000,155.82001,153.37000,154.96001,238300
2026-02-26,155.86000,158.44000,155.75000,158.31000,225400
2026-02-27,157.50000,159.48000,155.81000,157.57001,130800
2026-03-02,154.23000,157.20000,153.46001,155.52000,204500
2026-03-03,152.63000,154.53000,149.34000,153.92000,145400
2026-03-04,154.03000,155.74001,150.53000,150.72000,172700
2026-03-05,149.57001,151.24001,147.13000,149.81000,234300
2026-03-06,148.61000,149.61501,146.28999,148.81000,243300
2026-03-09,147.03999,150.53999,144.49001,150.06000,219900
2026-03-10,150.06000,151.11000,148.06000,149.52000,256800
2026-03-11,149.67000,149.67000,144.97000,145.27000,128500
2026-03-12,143.75000,146.02000,139.60001,141.96001,223200
2026-03-13,143.53000,143.91000,139.73000,141.24001,243200
2026-03-16,142.95000,145.14000,141.63499,141.96001,149100
2026-03-17,143.42000,144.77000,142.59000,142.78999,99100
2026-03-18,142.13000,143.41000,140.28000,140.83000,143900
2026-03-19,140.63000,142.94000,136.74001,138.10001,159800
2026-03-20,137.03999,137.92000,133.42000,134.25000,276300
2026-03-23,136.59000,138.75500,135.92000,137.50999,138600
2026-03-24,136.00000,137.78000,134.24001,136.42000,187900
2026-03-25,137.86000,139.33000,135.44000,137.75999,140600
2026-03-26,135.97000,140.28000,135.60001,137.92000,118600
2026-03-27,136.58000,138.07500,133.59000,134.27000,162100
2026-03-30,134.64000,137.77000,134.11000,136.20000,103300
2026-03-31,136.72000,139.62000,135.33501,138.94000,189200
2026-04-01,138.59000,139.80499,137.62000,138.16000,216400
2026-04-02,136.17999,140.12000,135.25999,139.72000,163100
2026-04-06,139.72000,141.67999,137.78500,141.35001,68300
2026-04-07,139.97000,143.19000,139.95000,142.88000,149100
2026-04-08,145.42999,147.57001,143.36000,144.83000,202000
2026-04-09,143.38000,146.83000,143.12000,145.74001,103100
2026-04-10,145.74001,146.89999,145.19501,145.89999,79200
2026-04-13,144.91000,148.89999,144.88000,148.70000,124100
2026-04-14,148.48000,150.28000,146.47501,149.14999,68900
2026-04-15,148.26500,151.06000,148.26500,150.30000,32323
