date,open,high,low,close,volume
2021-03-05,344.75000,344.75000,344.75000,344.75000,71
2021-03-08,346.50000,346.50000,346.50000,346.50000,11
2021-03-10,347.20001,347.20001,347.20001,347.20001,9
2021-03-11,374.85001,374.85001,347.20001,348.25000,6051
2021-03-12,347.48001,348.25000,347.20001,347.20001,5763
2021-03-15,347.20001,348.25000,346.50000,346.85001,9389
2021-03-16,347.89999,348.07501,346.85001,346.85001,4740
2021-03-17,346.85001,348.25000,346.85001,348.25000,314
2021-03-18,346.85001,346.85001,345.79999,346.50000,5666
2021-03-19,346.50000,346.50000,346.50000,346.50000,2009
2021-03-22,346.14999,346.50000,345.10001,346.46500,2454
2021-03-23,345.45001,345.45001,344.39999,344.75000,326
2021-03-24,344.75000,345.45001,341.95001,344.75000,6860
2021-03-25,344.75000,344.75000,343.35001,344.04999,2340
2021-03-26,344.39999,346.85001,344.04999,346.85001,189
2021-03-29,344.39999,345.97501,341.95001,344.75000,6003
2021-03-30,344.75000,345.45001,344.75000,345.45001,2923
2021-03-31,345.45001,345.83499,345.45001,345.79999,3651
2021-04-01,345.79999,346.50000,345.79999,346.14999,829
2021-04-05,346.14999,347.54999,345.10001,346.50000,2511
2021-04-06,346.14999,346.85001,346.14999,346.50000,729
2021-04-07,346.85001,346.85001,346.85001,346.85001,3480
2021-04-08,347.20001,348.25000,347.13000,348.25000,586
2021-04-09,347.54999,347.54999,345.79999,346.85001,2066
2021-04-12,347.54999,347.54999,347.20001,347.20001,1191
2021-04-13,347.20001,347.89999,347.20001,347.89999,20
2021-04-14,347.89999,348.60001,347.89999,347.89999,654
2021-04-15,347.89999,348.25000,347.89999,348.25000,9
2021-04-16,347.89999,348.25000,347.89999,347.89999,709
2021-04-19,347.89999,348.60001,347.89999,348.60001,211
2021-04-20,348.25000,348.60001,347.54999,347.89999,4011
2021-04-21,347.54999,347.89999,347.20001,347.89999,377
2021-04-22,348.25000,348.25000,346.85001,347.89999,103
2021-04-23,347.62000,347.89999,347.20001,347.20001,2734
2021-04-26,347.72501,348.25000,347.20001,348.25000,269
2021-04-27,347.54999,347.89999,347.20001,347.20001,234
2021-04-28,347.89999,347.89999,347.20001,347.54999,114
2021-04-29,347.89999,347.89999,347.54999,347.54999,340
2021-04-30,347.89999,347.89999,347.54999,347.89999,140
2021-05-03,347.89999,348.25000,347.20001,347.72501,1671
2021-05-04,347.89999,348.60001,347.89999,347.89999,1209
2021-05-05,347.89999,348.25000,347.89999,348.25000,1089
2021-05-06,348.25000,348.60001,348.25000,348.60001,1214
2021-05-07,347.20001,347.89999,347.20001,347.89999,380
2021-05-10,347.89999,347.89999,347.89999,347.89999,169
2021-05-11,348.25000,348.25000,348.25000,348.25000,23
2021-05-12,347.89999,347.89999,347.89999,347.89999,6
2021-05-13,347.97000,347.97000,347.89999,347.89999,37
2021-05-14,347.89999,347.89999,347.89999,347.89999,43
2021-05-17,347.89999,347.89999,346.85001,346.85001,3011
2021-05-18,346.64001,347.89999,345.10001,347.54999,2226
2021-05-19,345.79999,346.14999,345.45001,345.79999,37
2021-05-20,345.45001,347.20001,345.45001,347.20001,114
2021-05-25,346.85001,347.54999,346.85001,347.54999,49
2021-05-26,347.89999,348.25000,346.85001,348.25000,251
2021-05-27,348.25000,348.60001,346.85001,348.60001,194
2021-05-28,346.50000,346.50000,346.50000,346.50000,31
2021-06-07,346.50000,347.20001,346.50000,347.20001,49
2021-06-08,347.54999,347.54999,347.20001,347.54999,106
2021-06-09,347.89999,347.89999,347.54999,347.54999,6589
2021-06-10,347.89999,348.25000,347.54999,347.89999,343
2021-06-11,347.89999,348.60001,347.89999,348.60001,737
2021-06-14,348.60001,348.95001,347.89999,348.60001,1123
2021-06-15,348.60001,348.60001,347.89999,348.60001,549
2021-06-16,347.89999,348.95001,346.85001,347.79501,320
2021-06-17,347.54999,347.54999,347.54999,347.54999,6
2021-06-18,347.54999,347.54999,347.20001,347.20001,400
2021-06-23,347.54999,347.54999,347.20001,347.54999,117
2021-06-24,347.54999,347.54999,347.54999,347.54999,29
2021-06-25,347.89999,347.89999,347.54999,347.54999,37
2021-06-28,347.20001,347.20001,346.85001,347.20001,480
2021-06-29,347.20001,347.89999,347.20001,347.20001,569
2021-06-30,347.54999,347.54999,347.20001,347.20001,263
2021-07-01,347.54999,347.54999,347.54999,347.54999,774
2021-07-02,347.20001,347.20001,347.20001,347.20001,6
2021-07-06,347.54999,348.25000,346.85001,346.85001,1651
2021-07-07,348.25000,348.25000,347.89999,348.25000,620
2021-07-08,348.25000,348.25000,348.25000,348.25000,169
2021-07-09,346.85001,348.25000,346.85001,347.54999,529
2021-07-13,346.85001,346.85001,346.85001,346.85001,97
2021-07-14,346.85001,348.25000,346.85001,347.20001,866
2021-07-15,347.20001,347.20001,347.20001,347.20001,9
2021-07-19,347.20001,347.89999,347.20001,347.20001,74
2021-07-20,347.20001,347.20001,347.20001,347.20001,3
2021-07-21,347.20001,347.89999,347.20001,347.89999,989
2021-07-22,347.89999,348.25000,347.89999,348.25000,3183
2021-07-23,348.25000,348.25000,348.25000,348.25000,3
2021-07-26,349.29999,349.29999,348.25000,348.25000,6
2021-07-28,347.54999,347.89999,347.54999,347.89999,291
2021-07-29,346.85001,348.60001,346.50000,348.60001,1871
2021-08-02,347.89999,347.89999,347.89999,347.89999,29
2021-08-03,348.25000,348.25000,347.89999,347.89999,97
2021-08-04,347.97000,347.97000,347.97000,347.97000,3
2021-08-05,348.25000,348.60001,348.25000,348.25000,403
2021-08-06,347.89999,348.07501,347.89999,348.07501,200
2021-08-09,347.89999,347.89999,347.89999,347.89999,477
2021-08-10,347.89999,348.25000,347.89999,347.89999,91
2021-08-11,347.89999,347.89999,347.54999,347.89999,77
2021-08-12,347.54999,347.54999,347.54999,347.54999,17
2021-08-16,347.89999,347.89999,347.89999,347.89999,66
2021-08-17,348.25000,348.25000,347.89999,348.25000,163
2021-08-19,348.25000,348.25000,348.25000,348.25000,17
2021-08-20,348.60001,348.60001,348.60001,348.60001,503
2021-08-23,348.60001,348.60001,348.60001,348.60001,6
2021-08-24,348.60001,348.60001,348.60001,348.60001,20
2021-08-26,348.60001,348.60001,346.85001,348.60001,1669
2021-08-27,348.60001,348.60001,348.60001,348.60001,803
2021-08-30,349.29999,349.29999,349.29999,349.29999,11
2021-09-01,349.29999,349.64999,349.29999,349.64999,311
2021-09-03,349.64999,349.64999,349.64999,349.64999,3
2021-09-07,349.57999,349.64999,349.29999,349.44000,520
2021-09-08,349.29999,350.00000,349.26501,350.00000,569
2021-09-09,350.00000,350.35001,350.00000,350.35001,140
2021-09-10,349.29999,350.70001,349.29999,350.70001,2089
2021-09-13,350.70001,350.87500,350.70001,350.87500,80
2021-09-14,351.04999,351.04999,350.98001,350.98001,317
2021-09-16,350.70001,350.70001,350.70001,350.70001,9
2021-09-17,350.70001,350.80499,350.70001,350.80499,31
2021-09-20,350.70001,350.70001,350.70001,350.70001,29
2021-09-22,350.70001,350.70001,350.70001,350.70001,40
2021-09-24,350.70001,350.70001,350.00000,350.00000,20
2021-09-29,350.00000,350.00000,350.00000,350.00000,586
2021-10-01,350.00000,350.00000,350.00000,350.00000,6
2021-10-05,350.70001,350.70001,350.35001,350.35001,46
2021-10-07,350.91000,350.91000,350.91000,350.91000,86
2021-10-08,350.35001,350.35001,349.64999,350.35001,49
2021-10-13,350.00000,351.04999,350.00000,350.70001,174
2021-10-14,351.04999,351.22501,351.04999,351.04999,711
2021-10-18,352.10001,352.10001,352.10001,352.10001,37
2021-10-19,352.45001,352.45001,350.70001,352.10001,63
2021-10-20,350.35001,350.35001,350.35001,350.35001,349
2021-10-21,350.70001,350.84000,350.35001,350.70001,1154
2021-10-22,352.10001,352.10001,350.84000,350.84000,231
2021-10-25,350.84000,350.84000,350.84000,350.84000,9
2021-10-26,352.45001,352.79999,351.04999,351.04999,851
2021-10-27,351.39999,352.10001,351.39999,352.10001,317
2021-10-28,352.10001,352.45001,350.73499,350.73499,783
2021-11-01,351.04999,351.04999,351.04999,351.04999,3
2021-11-02,352.45001,353.14999,352.45001,353.14999,366
2021-11-03,353.14999,353.14999,351.39999,351.39999,571
2021-11-04,352.10001,353.14999,352.10001,353.14999,280
2021-11-05,353.14999,353.14999,351.75000,352.79999,66
2021-11-08,351.75000,351.75000,351.75000,351.75000,57
2021-11-09,353.14999,353.14999,351.39999,351.39999,326
2021-11-10,353.14999,353.14999,351.39999,351.39999,69
2021-11-12,351.39999,351.39999,351.39999,351.39999,289
2021-11-15,353.14999,353.14999,352.10001,352.10001,117
2021-11-16,351.39999,353.14999,351.39999,352.10001,86
2021-11-17,352.10001,352.27499,352.10001,352.10001,37
2021-11-18,351.75000,352.45001,351.39999,352.45001,160
2021-11-19,351.39999,352.45001,350.70001,352.45001,143
2021-11-22,351.39999,351.75000,351.39999,351.39999,363
2021-11-23,352.10001,352.79999,351.39999,352.10001,109
2021-11-24,351.57501,351.57501,351.39999,351.39999,43
2021-11-29,351.39999,352.10001,351.39999,352.10001,337
2021-11-30,351.39999,352.10001,351.39999,351.78500,1903
2021-12-01,351.39999,351.39999,350.35001,351.04999,189
2021-12-02,351.75000,351.75000,351.75000,351.75000,89
2021-12-03,352.27499,352.27499,351.39999,351.39999,200
2021-12-06,352.79999,352.79999,350.70001,351.82001,11249
2021-12-07,351.75000,352.45001,351.39999,352.10001,1891
2021-12-08,351.75000,352.79999,351.75000,352.10001,217
2021-12-09,351.57501,352.45001,351.39999,352.10001,2834
2021-12-10,352.20499,352.20499,351.39999,351.39999,26
2021-12-13,351.39999,351.75000,351.04999,351.39999,1783
2021-12-14,351.57501,351.75000,351.39999,351.75000,5954
2021-12-15,351.75000,352.10001,351.75000,351.75000,1277
2021-12-16,351.57501,351.57501,351.57501,351.57501,3
2021-12-17,351.75000,351.75000,351.04999,351.04999,106
2021-12-20,351.04999,351.04999,351.04999,351.04999,297
2021-12-21,351.04999,352.10001,351.04999,352.10001,340
2021-12-22,351.39999,351.39999,351.39999,351.39999,177
2021-12-23,351.39999,351.39999,351.39999,351.39999,106
2021-12-29,351.39999,351.39999,351.39999,351.39999,17
2021-12-30,351.75000,351.75000,351.39999,351.39999,514
2021-12-31,351.39999,351.39999,351.39999,351.39999,451
2022-01-03,351.75000,351.75000,351.57501,351.75000,374
2022-01-04,352.10001,352.10001,352.10001,352.10001,126
2022-01-06,351.75000,352.10001,351.75000,351.75000,289
2022-01-07,352.27499,353.14999,352.27499,352.45001,2697
2022-01-10,352.79999,352.79999,352.79999,352.79999,237
2022-01-11,352.79999,352.79999,352.79999,352.79999,63
2022-01-12,352.79999,352.79999,352.79999,352.79999,146
2022-01-13,352.79999,352.79999,352.45001,352.45001,866
2022-01-14,352.79999,352.79999,352.79999,352.79999,6
2022-01-18,353.14999,353.14999,352.62500,352.79999,449
2022-01-20,353.14999,353.14999,353.14999,353.14999,2934
2022-01-21,353.32501,353.85001,352.79999,353.14999,243
2022-01-24,353.50000,353.85001,353.50000,353.85001,77
2022-01-25,353.14999,353.50000,353.14999,353.14999,1691
2022-01-26,353.50000,353.50000,352.73001,353.50000,297
2022-01-27,353.50000,353.50000,352.45001,352.45001,4740
2022-01-28,353.50000,353.50000,353.14999,353.32501,3740
2022-01-31,353.50000,353.50000,353.14999,353.14999,1234
2022-02-01,353.50000,353.50000,353.14999,353.50000,1366
2022-02-02,353.85001,354.20001,353.85001,354.20001,717
2022-02-03,353.14999,354.54999,353.14999,354.20001,4246
2022-02-04,354.20001,354.20001,353.85001,354.20001,263
2022-02-08,354.54999,354.72501,354.54999,354.54999,1397
2022-02-14,354.20001,354.20001,354.20001,354.20001,71
2022-02-15,354.54999,354.54999,354.54999,354.54999,6
2022-02-17,353.50000,354.89999,353.50000,354.89999,189
2022-02-18,354.20001,354.54999,353.50000,354.54999,83
2022-02-22,354.72501,354.72501,354.54999,354.54999,129
2022-02-23,354.54999,354.54999,354.54999,354.54999,143
2022-02-24,354.54999,354.54999,354.54999,354.54999,74
2022-02-25,354.54999,354.72501,354.54999,354.54999,120
2022-03-01,354.89999,354.89999,354.89999,354.89999,34
2022-03-02,354.89999,354.89999,354.89999,354.89999,217
2022-03-03,354.89999,354.89999,354.89999,354.89999,31
2022-03-04,354.97000,354.97000,354.97000,354.97000,6
2022-03-07,354.89999,354.89999,354.89999,354.89999,66
2022-03-09,355.60001,355.60001,355.60001,355.60001,11
2022-03-10,355.25000,355.25000,354.89999,354.89999,934
2022-03-14,355.67001,355.67001,355.25000,355.25000,3906
2022-03-16,355.95001,355.95001,355.25000,355.25000,154
2022-03-17,355.60001,356.64999,355.25000,356.64999,1343
2022-03-18,355.25000,355.60001,355.25000,355.42499,174
2022-03-21,355.95001,355.95001,355.25000,355.42499,8940
2022-03-22,355.60001,355.60001,355.25000,355.25000,10226
2022-03-23,355.95001,355.95001,355.60001,355.60001,1500
2022-03-25,355.53000,355.53000,355.25000,355.25000,46
2022-03-28,355.60001,355.60001,355.60001,355.60001,26
2022-03-29,355.25000,355.25000,355.25000,355.25000,43
2022-03-30,355.25000,356.29999,355.25000,356.29999,377
2022-03-31,355.25000,356.29999,355.25000,356.29999,406
2022-04-01,355.25000,355.25000,355.25000,355.25000,29
2022-04-04,356.29999,357.00000,355.60001,355.60001,6760
2022-04-05,356.09000,356.09000,356.09000,356.09000,17
2022-04-07,355.95001,355.95001,355.95001,355.95001,117
2022-04-08,356.29999,356.29999,355.60001,355.60001,217
2022-04-11,356.29999,356.29999,355.60001,355.95001,4600
2022-04-12,356.64999,356.64999,355.95001,355.95001,2343
2022-04-13,355.95001,355.95001,355.60001,355.95001,5914
2022-04-14,355.95001,356.47501,355.95001,355.95001,431
2022-04-18,357.00000,357.00000,356.64999,356.64999,14
2022-04-19,356.64999,356.64999,356.29999,356.64999,223
2022-04-20,356.47501,356.47501,356.29999,356.29999,254
2022-04-22,356.29999,356.29999,356.29999,356.29999,74
2022-04-25,356.64999,356.64999,356.29999,356.29999,40
2022-04-27,356.64999,356.64999,356.29999,356.29999,94
2022-04-28,356.29999,356.64999,356.29999,356.64999,171
2022-04-29,356.29999,356.29999,356.29999,356.29999,54
2022-05-02,356.64999,356.64999,356.64999,356.64999,2866
2022-05-03,356.64999,356.64999,356.64999,356.64999,2923
2022-05-04,357.00000,357.00000,357.00000,357.00000,894
2022-05-05,357.35001,357.35001,357.35001,357.35001,6
2022-05-06,357.00000,357.00000,356.64999,357.00000,386
2022-05-09,357.00000,357.00000,356.29999,356.29999,1180
2022-05-10,356.29999,356.29999,356.29999,356.29999,6
2022-05-11,357.00000,357.00000,356.64999,357.00000,4306
2022-05-12,357.00000,357.00000,356.64999,356.64999,29
2022-05-13,357.00000,357.00000,357.00000,357.00000,1583
2022-05-17,357.00000,357.00000,357.00000,357.00000,146
2022-05-18,356.64999,356.64999,356.64999,356.64999,3391
2022-05-20,356.68500,356.68500,356.68500,356.68500,11
2022-05-24,356.64999,356.64999,356.64999,356.64999,134
2022-05-25,357.70001,357.70001,357.70001,357.70001,11
2022-05-26,356.64999,357.35001,356.64999,357.35001,166
2022-05-27,357.00000,358.39999,357.00000,358.39999,1446
2022-05-31,357.35001,357.35001,357.35001,357.35001,3
2022-06-01,357.66501,357.66501,357.35001,357.35001,74
2022-06-02,358.01501,358.39999,358.01501,358.39999,1194
2022-06-03,358.32999,358.39999,358.32999,358.39999,11
2022-06-06,358.04999,358.04999,358.04999,358.04999,120
2022-06-07,358.04999,358.22501,358.04999,358.22501,60
2022-06-08,358.04999,358.39999,358.04999,358.39999,2140
2022-06-13,358.04999,358.19000,357.70001,358.19000,2826
2022-06-15,358.04999,358.22501,358.04999,358.04999,863
2022-06-16,358.04999,358.04999,358.04999,358.04999,8149
2022-06-17,358.04999,358.39999,358.04999,358.39999,317
2022-06-21,359.45001,359.45001,358.75000,358.75000,40
2022-06-22,359.45001,359.45001,358.75000,359.10001,34
2022-06-23,359.10001,359.10001,358.75000,358.75000,394
2022-06-24,359.10001,359.27499,359.10001,359.27499,146
2022-06-27,359.10001,362.25000,358.75000,362.25000,1569
2022-06-28,359.79999,359.79999,356.64999,358.39999,3811
2022-06-29,358.39999,358.39999,358.39999,358.39999,6
2022-06-30,358.04999,358.04999,357.70001,357.70001,580
2022-07-01,358.04999,358.43500,358.04999,358.39999,91
2022-07-06,358.39999,359.45001,358.39999,359.45001,309
2022-07-07,359.45001,359.45001,358.92499,358.92499,26
2022-07-08,359.10001,359.10001,359.10001,359.10001,17
2022-07-11,359.10001,359.10001,359.10001,359.10001,37
2022-07-12,359.10001,359.10001,359.10001,359.10001,71
2022-07-13,359.79999,359.79999,359.79999,359.79999,94
2022-07-14,359.79999,359.79999,359.79999,359.79999,26
2022-07-15,359.79999,359.79999,359.10001,359.79999,889
2022-07-18,359.79999,359.79999,359.79999,359.79999,17
2022-07-19,359.45001,359.79999,359.45001,359.79999,77
2022-07-20,359.79999,359.79999,359.79999,359.79999,14
2022-07-22,359.79999,359.79999,359.62500,359.62500,37
2022-07-26,359.79999,360.50000,359.76501,360.50000,483
2022-07-27,360.14999,360.50000,360.14999,360.50000,123
2022-07-29,360.50000,360.50000,360.50000,360.50000,20
2022-08-01,360.85001,360.85001,360.85001,360.85001,20
2022-08-02,360.85001,360.85001,360.85001,360.85001,46
2022-08-03,360.85001,360.85001,360.85001,360.85001,40
2022-08-04,360.85001,360.85001,360.53500,360.53500,17
2022-08-05,360.85001,360.85001,360.85001,360.85001,37
2022-08-08,360.85001,360.85001,360.50000,360.50000,20
2022-08-10,360.85001,360.85001,360.85001,360.85001,37
2022-08-11,361.54999,361.54999,361.54999,361.54999,311
2022-08-12,361.37500,361.37500,361.37500,361.37500,3
2022-08-15,361.20001,361.54999,361.20001,361.54999,9
2022-08-16,361.23499,361.23499,360.85001,361.20001,191
2022-08-17,361.89999,361.89999,361.54999,361.54999,94
2022-08-18,361.20001,361.89999,361.20001,361.89999,46
2022-08-19,361.51501,361.54999,361.51501,361.54999,514
2022-08-22,361.54999,361.89999,361.54999,361.89999,46
2022-08-23,361.54999,362.25000,361.54999,362.25000,57
2022-08-24,362.25000,362.25000,362.25000,362.25000,26
2022-08-25,361.54999,361.54999,361.54999,361.54999,5766
2022-08-26,361.54999,361.89999,361.54999,361.89999,91
2022-08-29,361.54999,361.54999,361.54999,361.54999,403
2022-08-30,361.54999,361.89999,361.54999,361.89999,60
2022-08-31,361.86499,361.89999,361.86499,361.89999,20
2022-09-01,361.89999,361.89999,361.89999,361.89999,34
2022-09-02,361.89999,361.89999,361.89999,361.89999,23
2022-09-06,361.54999,362.07501,361.54999,361.89999,269
2022-09-07,361.89999,361.89999,361.89999,361.89999,106
2022-09-08,361.86499,361.89999,361.72501,361.89999,654
2022-09-09,362.14499,362.14499,362.14499,362.14499,11
2022-09-12,361.89999,361.89999,361.89999,361.89999,109
2022-09-13,361.89999,361.89999,361.89999,361.89999,9
2022-09-14,361.89999,361.89999,361.89999,361.89999,146
2022-09-15,361.89999,361.89999,361.89999,361.89999,9
2022-09-16,362.25000,362.25000,362.25000,362.25000,294
2022-09-20,362.25000,362.25000,362.25000,362.25000,9
2022-09-26,362.25000,362.25000,362.25000,362.25000,57
2022-09-28,362.25000,362.25000,361.54999,361.54999,9674
2022-09-30,361.54999,361.54999,361.54999,361.54999,1491
2022-10-03,361.54999,362.25000,361.54999,362.25000,5746
2022-10-04,362.25000,362.25000,361.89999,361.89999,229
2022-10-05,362.25000,362.25000,362.25000,362.25000,17
2022-10-06,362.25000,362.25000,361.86499,362.25000,5306
2022-10-11,362.25000,362.25000,362.25000,362.25000,63
2022-10-12,362.25000,362.25000,362.25000,362.25000,6
2022-10-13,362.60001,364.00000,362.60001,363.64999,354
2022-10-14,363.64999,363.64999,363.64999,363.64999,6
2022-10-17,364.00000,364.00000,363.64999,363.64999,17
2022-10-19,363.29999,364.00000,363.29999,363.64999,12431
2022-10-20,363.64999,364.70001,363.64999,364.70001,363
2022-10-21,364.35001,364.35001,364.00000,364.00000,1903
2022-10-24,364.00000,364.00000,364.00000,364.00000,31
2022-10-25,364.17499,364.17499,364.17499,364.17499,9
2022-10-26,365.39999,370.12500,364.87500,365.75000,1903
2022-10-27,364.98001,365.04999,364.70001,364.70001,766
2022-10-28,364.70001,364.70001,364.70001,364.70001,54
2022-10-31,364.70001,364.87500,364.70001,364.70001,83
2022-11-01,365.39999,365.39999,364.00000,365.04999,2163
2022-11-02,364.70001,365.39999,364.70001,364.76999,666
2022-11-03,365.39999,365.39999,364.70001,364.98001,1631
2022-11-04,341.25000,341.25000,282.45001,306.95001,349
2022-11-07,281.04999,337.39999,281.04999,320.77499,326
2022-11-08,333.20001,390.95001,326.54999,367.50000,969
2022-11-09,362.25000,371.00000,350.00000,350.00000,374
2022-11-10,316.04999,368.20001,297.50000,315.35001,3354
2022-11-11,351.75000,366.10001,315.00000,327.28500,2837
2022-11-14,327.25000,353.85001,284.20001,353.85001,1391
2022-11-15,339.50000,348.25000,308.00000,322.00000,1769
2022-11-16,325.50000,342.29999,304.85001,304.85001,1780
2022-11-17,308.00000,332.50000,293.29999,326.54999,2831
2022-11-18,209.30000,227.85001,189.00000,193.89999,4354
2022-11-21,196.00000,196.00000,169.75000,173.25000,1814
2022-11-22,172.89999,172.89999,157.50000,158.89999,1503
2022-11-23,158.89999,208.25000,158.89999,168.00000,5574
2022-11-25,168.00000,181.64999,168.00000,168.70000,2711
2022-11-28,170.31000,178.50000,143.85001,143.85001,2191
2022-11-29,144.86501,171.14999,140.17500,162.39999,1814
2022-11-30,164.14999,180.00500,156.80000,157.53500,3117
2022-12-01,157.85001,175.00000,140.00000,140.70000,3769
2022-12-02,147.70000,156.45000,140.70000,145.88000,1757
2022-12-05,147.42000,161.70000,138.25000,140.00000,2289
2022-12-06,140.00000,154.00000,138.60001,140.17500,2286
2022-12-07,140.00000,163.10001,138.25000,142.10001,3126
2022-12-08,147.87500,168.00000,143.14999,146.30000,2674
2022-12-09,147.35001,154.35001,137.55000,137.55000,2069
2022-12-12,138.25000,141.05000,128.45000,137.20000,4257
2022-12-13,148.75000,148.75000,122.50000,122.50000,1509
2022-12-14,128.10001,129.50000,122.50000,123.27000,654
2022-12-15,122.32500,122.50000,115.50000,120.75000,317
2022-12-16,118.23000,118.65000,113.75000,113.75000,183
2022-12-19,110.28500,112.70000,108.50000,108.50000,97
2022-12-20,108.50000,119.35000,108.50000,115.15000,223
2022-12-21,113.75000,118.65000,105.70000,110.14500,109
2022-12-22,114.94000,121.45000,112.28000,113.75000,89
2022-12-23,117.25000,117.25000,117.25000,117.25000,20
2022-12-27,119.07000,121.66000,100.45000,100.45000,117
2022-12-28,102.20000,122.85000,101.60500,122.15000,354
2022-12-29,140.00000,157.50000,133.91000,140.00000,1466
2022-12-30,133.35001,139.64999,109.16500,139.64999,466
2023-01-03,158.20000,236.95000,158.20000,185.99001,11617
2023-01-04,207.89999,207.89999,161.00000,170.10001,2329
2023-01-05,155.39999,185.50000,155.39999,174.64999,2571
2023-01-06,175.00000,195.30000,175.00000,176.05000,2720
2023-01-09,176.75000,217.70000,176.75000,205.45000,8409
2023-01-10,192.50000,214.89999,166.25000,201.25000,14334
2023-01-11,189.70000,261.45001,175.00000,261.45001,8363
2023-01-12,241.50000,284.20001,241.50000,280.70001,10791
2023-01-13,266.00000,283.50000,245.00000,266.00000,5843
2023-01-17,297.85001,302.04999,273.00000,282.79999,11989
2023-01-18,276.85001,350.00000,276.85001,347.20001,19154
2023-01-19,349.64999,390.70499,342.75500,371.70001,19280
2023-01-20,408.45001,409.14999,319.54999,396.20001,24866
2023-01-23,389.20001,396.20001,316.04999,333.20001,24009
2023-01-24,334.60001,334.60001,192.50000,228.89999,44791
2023-01-25,238.00000,257.60001,229.25000,246.75000,16269
2023-01-26,245.35001,372.39999,245.35001,310.79999,39071
2023-01-27,323.57501,341.60001,301.00000,308.35001,12074
2023-01-30,343.00000,349.64999,285.95001,304.14999,9989
2023-01-31,309.75000,315.35001,266.00000,276.14999,8137
2023-02-01,269.85001,274.75000,221.55000,245.00000,16849
2023-02-02,238.70000,302.71500,238.35001,273.00000,19617
2023-02-03,269.14999,288.75000,262.85001,270.20001,5297
2023-02-06,283.50000,290.14999,260.04999,266.00000,8980
2023-02-07,262.85001,337.75000,258.64999,310.79999,19443
2023-02-08,307.64999,379.01501,307.64999,355.60001,21660
2023-02-09,376.25000,376.25000,313.25000,319.54999,10960
2023-02-10,313.95001,343.00000,309.75000,336.35001,8103
2023-02-13,266.00000,293.64999,199.67500,247.80000,35466
2023-02-14,249.20000,289.79999,245.00000,284.20001,9986
2023-02-15,280.00000,304.14999,273.35001,289.45001,7891
2023-02-16,281.39999,288.04999,252.00000,263.20001,13229
2023-02-17,250.25000,266.00000,249.55000,258.29999,8651
2023-02-21,248.14999,258.68500,237.30000,257.60001,11503
2023-02-22,252.70000,265.64999,236.25000,262.14999,7440
2023-02-23,264.25000,282.79999,255.14999,280.70001,8077
2023-02-24,278.25000,291.89999,266.00000,291.89999,6400
2023-02-27,297.50000,309.75000,292.95001,295.75000,6557
2023-02-28,305.20001,309.75000,288.39999,302.75000,7054
2023-03-01,303.79999,311.22000,295.39999,296.79999,4511
2023-03-02,294.70001,320.60001,282.45001,320.25000,4817
2023-03-03,318.85001,334.25000,312.20001,330.75000,3914
2023-03-06,332.14999,332.85001,297.50000,321.29999,10234
2023-03-07,330.04999,330.04999,303.45001,310.10001,6406
2023-03-08,308.00000,315.00000,270.54999,281.75000,15283
2023-03-09,285.95001,288.75000,245.70000,250.95000,9769
2023-03-10,248.14999,263.89999,217.00000,254.45000,13060
2023-03-13,254.45000,277.20001,245.00000,271.60001,5731
2023-03-14,271.60001,283.85001,263.20001,278.25000,6437
2023-03-15,272.64999,276.50000,250.25000,263.89999,8226
2023-03-16,252.35001,269.85001,247.10001,260.75000,5100
2023-03-17,274.39999,277.20001,239.05000,276.50000,8674
2023-03-20,275.10001,281.39999,263.72501,277.89999,4706
2023-03-21,276.85001,294.00000,266.00000,287.70001,3469
2023-03-22,285.60001,288.01501,262.50000,268.79999,4806
2023-03-23,269.14999,279.64999,253.75000,257.95001,6094
2023-03-24,254.80000,274.04999,245.70000,273.70001,4077
2023-03-27,277.89999,279.29999,269.50000,274.39999,3826
2023-03-28,273.35001,279.29999,268.79999,273.00000,4614
2023-03-29,274.75000,274.75000,262.50000,268.10001,3420
2023-03-30,273.35001,276.85001,263.54999,269.85001,5646
2023-03-31,271.25000,292.25000,262.50000,287.00000,15111
2023-04-03,296.79999,301.00000,276.14999,285.25000,8109
2023-04-04,287.70001,287.70001,262.50000,277.20001,12269
2023-04-05,276.14999,591.50000,276.14999,434.00000,337889
2023-04-06,357.00000,471.48499,351.75000,451.50000,97814
2023-04-10,496.29999,525.00000,456.75000,495.25000,33920
2023-04-11,487.54999,511.00000,453.95001,455.00000,16294
2023-04-12,465.85001,521.50000,463.75000,518.00000,15603
2023-04-13,476.00000,567.00000,458.85001,476.35001,44151
2023-04-14,476.35001,480.54999,445.20001,471.10001,11737
2023-04-17,463.04999,520.09998,463.04999,503.29999,10571
2023-04-18,507.14999,512.75000,472.50000,505.39999,6800
2023-04-19,495.95001,512.40002,482.12500,497.70001,9140
2023-04-20,490.00000,490.00000,427.70001,428.04999,24157
2023-04-21,430.14999,438.89999,358.75000,359.45001,14763
2023-04-24,326.20001,327.60001,233.27499,254.10001,38794
2023-04-25,239.75000,259.31500,235.20000,237.64999,17069
2023-04-26,245.35001,275.79999,239.75000,263.89999,18451
2023-04-27,260.75000,278.25000,250.60001,270.89999,8437
2023-04-28,259.00000,271.84500,252.00000,253.39999,13397
2023-05-01,254.10001,262.50000,210.00000,210.35001,14486
2023-05-02,210.70000,211.05000,159.60001,170.45000,28011
2023-05-03,170.45000,201.95000,168.35001,192.50000,16597
2023-05-04,192.50000,201.95000,168.52499,184.10001,9834
2023-05-05,187.25000,206.50000,187.25000,189.00000,12674
2023-05-08,188.64999,189.70000,171.85001,180.25000,9097
2023-05-09,179.20000,183.39999,166.25000,166.25000,11531
2023-05-10,169.05000,194.95000,166.49500,191.80000,11151
2023-05-11,187.25000,202.30000,184.10001,186.89999,8411
2023-05-12,189.35001,196.35001,177.10001,189.35001,6129
2023-05-15,191.80000,285.25000,190.75000,232.75000,37711
2023-05-16,236.25000,241.85001,211.05000,234.50000,15626
2023-05-17,230.47501,255.50000,219.45000,243.25000,9420
2023-05-18,240.80000,263.72501,211.75000,241.50000,18009
2023-05-19,252.35001,261.79999,228.55000,249.89999,17151
2023-05-22,252.00000,287.87500,247.80000,274.39999,15643
2023-05-23,280.00000,292.95001,257.25000,257.25000,17209
2023-05-24,249.20000,255.14999,226.80000,240.10001,15860
2023-05-25,239.05000,244.64999,210.70000,210.70000,12826
2023-05-26,213.85001,225.75000,206.67500,219.45000,11234
2023-05-30,217.35001,225.05000,208.25000,212.45000,7920
2023-05-31,212.45000,220.50000,198.97501,208.25000,6286
2023-06-01,209.64999,215.25000,203.00000,206.50000,6474
2023-06-02,206.85001,228.55000,206.50000,224.35001,7831
2023-06-05,231.70000,278.95001,228.55000,275.45001,24394
2023-06-06,268.10001,279.64999,246.75000,252.70000,13280
2023-06-07,253.75000,258.29999,227.85001,230.30000,14486
2023-06-08,233.45000,244.64999,225.39999,232.39999,7480
2023-06-09,231.70000,243.32001,229.25000,229.95000,6386
2023-06-12,228.20000,267.39999,228.20000,252.70000,16877
2023-06-13,260.75000,282.79999,260.75000,264.95001,18780
2023-06-14,266.00000,290.50000,250.25000,260.75000,35869
2023-06-15,280.00000,289.76501,255.88499,272.29999,39506
2023-06-16,277.20001,277.20001,267.75000,271.25000,37777
2023-06-20,268.45001,281.04999,252.70000,257.25000,31597
2023-06-21,254.10001,255.50000,239.39999,245.70000,32057
2023-06-22,243.95000,250.21500,236.60001,236.95000,10586
2023-06-23,233.45000,238.70000,217.70000,220.50000,32289
2023-06-26,221.89999,231.00000,219.10001,219.10001,11666
2023-06-27,221.55000,224.59500,216.64999,217.00000,8129
2023-06-28,212.80000,233.80000,212.80000,221.89999,12000
2023-06-29,222.25000,223.96500,195.30000,195.30000,17066
2023-06-30,201.60001,214.20000,192.50000,194.95000,22783
2023-07-03,194.95000,205.80000,194.25000,199.14999,5100
2023-07-05,198.80000,205.80000,195.30000,198.80000,16106
2023-07-06,199.50000,202.30000,191.55499,201.60001,10909
2023-07-07,200.55000,205.80000,196.42000,197.75000,10986
2023-07-10,197.39999,205.80000,192.85001,199.50000,11154
2023-07-11,200.55000,203.42000,194.95000,197.75000,9606
2023-07-12,200.55000,201.25000,184.80000,188.30000,10860
2023-07-13,196.35001,212.80000,195.68500,207.55000,12526
2023-07-14,210.35001,210.35001,198.80000,206.50000,11209
2023-07-17,206.85001,222.60001,206.85001,212.80000,7940
2023-07-18,218.05000,221.55000,208.25000,216.30000,7631
2023-07-19,218.75000,227.14999,211.39999,214.89999,10443
2023-07-20,210.70000,220.14999,198.45000,206.85001,13889
2023-07-21,207.89999,208.53000,196.35001,196.35001,12731
2023-07-24,197.05000,204.39999,189.35001,197.05000,8631
2023-07-25,192.85001,197.39999,175.00000,175.00000,11923
2023-07-26,175.00000,184.45000,172.55000,177.80000,8120
2023-07-27,179.20000,185.14999,175.35001,183.75000,9683
2023-07-28,185.85001,193.89999,185.85001,188.30000,20074
2023-07-31,188.30000,193.55000,182.49001,191.45000,25897
2023-08-01,185.85001,189.35001,176.75000,182.70000,10266
2023-08-02,180.25000,210.35001,179.55000,210.00000,23634
2023-08-03,206.50000,229.25000,206.50000,220.85001,19811
2023-08-04,219.80000,222.25000,185.50000,187.25000,22109
2023-08-07,185.85001,191.80000,156.45000,157.14999,22949
2023-08-08,157.50000,160.64999,147.00000,155.05000,10123
2023-08-09,155.75000,161.00000,144.20000,147.00000,8086
2023-08-10,147.35001,151.89999,144.20000,150.85001,11403
2023-08-11,147.00000,151.20000,138.60001,139.64999,16523
2023-08-14,142.45000,143.14999,125.65000,127.40000,14500
2023-08-15,122.50000,124.95000,112.35000,119.17500,11369
2023-08-16,118.65000,138.60001,113.05000,138.60001,17129
2023-08-17,142.10001,142.80000,122.85000,140.35001,18066
2023-08-18,117.25000,134.05000,109.20000,124.25000,21917
2023-08-21,125.65000,132.30000,117.25000,120.75000,7560
2023-08-22,119.00000,120.75000,105.00000,110.25000,14463
2023-08-23,110.25000,110.63500,106.05000,108.15000,9369
2023-08-24,106.75000,124.25000,101.50000,120.05000,20280
2023-08-25,119.70000,127.05000,109.90000,115.15000,21274
2023-08-28,101.50000,107.06500,98.70000,104.65000,11803
2023-08-29,102.90000,107.10000,101.85000,105.52500,6951
2023-08-30,104.65000,106.05000,100.45000,103.95000,10051
2023-08-31,102.55000,106.75000,95.55000,100.45000,18157
2023-09-01,94.15000,109.20000,88.55000,108.50000,16160
2023-09-05,108.50000,113.40000,106.40000,111.65000,16183
2023-09-06,110.60000,112.70000,103.60000,103.60000,13949
2023-09-07,101.85000,103.60000,91.00000,93.10000,13380
2023-09-08,94.15000,94.15000,84.17500,88.90000,16643
2023-09-11,91.00000,93.45000,83.65000,84.35000,43371
2023-09-12,86.45000,88.90000,82.95000,85.40000,20209
2023-09-13,86.45000,86.45000,78.05000,78.05000,40091
2023-09-14,78.75000,80.50000,75.60000,78.40000,31754
2023-09-15,81.90000,88.90000,78.40000,78.75000,154254
2023-09-18,76.65000,77.00000,63.00000,69.30000,40597
2023-09-19,70.00000,71.05000,65.27500,65.45000,12969
2023-09-20,63.35000,63.70000,58.10000,59.50000,24577
2023-09-21,59.15000,63.00000,57.75000,61.25000,16131
2023-09-22,61.25000,63.00000,53.90000,55.30000,39191
2023-09-25,54.60000,61.60000,53.20000,57.40000,14089
2023-09-26,59.85000,64.75000,54.60000,54.60000,24857
2023-09-27,53.55000,58.10000,53.55000,54.25000,18886
2023-09-28,54.25000,54.95000,51.10000,51.80000,25180
2023-09-29,52.50000,53.55000,46.55000,49.00000,25449
2023-10-02,49.70000,49.70000,44.80000,46.55000,19174
2023-10-03,46.20000,46.41000,43.05000,44.10000,23609
2023-10-04,43.40000,49.70000,42.35000,49.35000,18500
2023-10-05,49.35000,53.20000,49.00000,51.80000,15603
2023-10-06,51.10000,55.65000,50.75000,54.95000,16846
2023-10-09,56.70000,68.95000,55.30000,63.70000,63537
2023-10-10,63.35000,77.70000,62.65000,72.80000,54711
2023-10-11,73.15000,84.35000,73.15000,78.05000,47789
2023-10-12,78.05000,79.45000,66.32500,67.90000,43811
2023-10-13,68.60000,68.95000,62.65000,64.75000,30443
2023-10-16,65.80000,66.50000,60.55000,64.40000,15734
2023-10-17,63.00000,66.15000,62.65000,63.70000,10951
2023-10-18,61.95000,63.35000,58.45000,58.80000,17557
2023-10-19,58.80000,61.07500,56.70000,58.45000,20880
2023-10-20,60.90000,60.90000,57.22500,57.40000,20186
2023-10-23,55.30000,62.30000,55.30000,59.85000,15143
2023-10-24,60.20000,65.80000,59.15000,63.35000,12663
2023-10-25,64.05000,74.02500,63.70000,71.05000,21960
2023-10-26,71.40000,78.22500,64.75000,67.20000,29731
2023-10-27,67.90000,68.77500,63.70000,64.40000,19940
2023-10-30,64.05000,67.90000,62.65000,64.75000,9137
2023-10-31,66.15000,67.20000,64.22500,65.45000,9717
2023-11-01,64.40000,66.18500,61.60000,63.35000,8491
2023-11-02,65.10000,70.00000,63.70000,64.75000,26483
2023-11-03,64.05000,66.18500,57.40000,57.40000,38140
2023-11-06,59.85000,59.85000,51.80000,51.80000,27020
2023-11-07,52.15000,52.85000,50.75000,51.80000,9351
2023-11-08,52.50000,53.55000,46.20000,46.55000,47997
2023-11-09,47.25000,48.30000,44.10000,45.15000,26197
2023-11-10,46.55000,47.25000,42.35000,45.15000,21880
2023-11-13,46.90000,47.60000,44.45000,44.80000,8111
2023-11-14,45.50000,47.60000,43.05000,43.05000,44386
2023-11-15,44.45000,48.65000,44.10000,44.10000,21854
2023-11-16,43.75000,44.80000,37.10000,37.45000,44160
2023-11-17,39.55000,39.55000,37.45000,37.45000,43163
2023-11-20,37.45000,39.90000,37.45000,38.50000,34600
2023-11-21,37.80000,39.37500,32.76000,33.18000,52857
2023-11-22,34.02000,36.75000,31.50000,35.35000,36897
2023-11-24,35.35000,46.20000,34.19500,44.45000,46891
2023-11-27,44.10000,52.46500,42.35000,50.40000,58211
2023-11-28,49.35000,52.15000,45.15000,47.25000,31237
2023-11-29,46.90000,50.75000,46.90000,49.00000,13677
2023-11-30,47.95000,49.00000,43.75000,43.75000,21574
2023-12-01,44.80000,47.95000,43.75000,47.25000,24780
2023-12-04,48.30000,50.92500,44.80000,45.50000,35889
2023-12-05,44.80000,45.15000,40.60000,41.30000,21623
2023-12-06,41.65000,42.35000,38.15000,39.90000,34631
2023-12-07,40.25000,41.30000,37.45000,38.15000,23757
2023-12-08,37.80000,40.60000,35.70000,38.50000,25529
2023-12-11,39.20000,39.20000,36.05000,36.05000,16403
2023-12-12,36.40000,36.40000,34.30000,34.65000,16723
2023-12-13,35.00000,40.60000,35.00000,40.25000,25889
2023-12-14,41.30000,46.55000,40.95000,44.80000,32683
2023-12-15,47.60000,49.35000,45.50000,48.65000,36769
2023-12-18,47.60000,48.82500,43.75000,44.10000,12140
2023-12-19,44.80000,50.05000,44.80000,49.00000,20317
2023-12-20,50.75000,51.80000,45.50000,45.50000,22717
2023-12-21,45.50000,47.95000,45.50000,46.55000,18434
2023-12-22,46.90000,51.80000,46.20000,49.00000,26623
2023-12-26,48.30000,58.10000,44.10000,56.70000,33226
2023-12-27,57.75000,61.25000,56.00000,59.15000,30451
2023-12-28,59.15000,65.45000,59.15000,64.40000,30383
2023-12-29,65.10000,72.80000,63.35000,71.40000,32323
2024-01-02,71.40000,76.65000,66.85000,71.40000,38586
2024-01-03,70.35000,71.40000,61.60000,69.30000,34131
2024-01-04,69.30000,73.85000,63.00000,72.45000,25663
2024-01-05,71.75000,71.92500,67.72500,71.40000,16123
2024-01-08,74.13000,78.40000,65.10000,74.90000,30777
2024-01-09,72.80000,77.52500,72.45000,75.60000,18080
2024-01-10,75.95000,77.70000,68.60000,69.30000,27974
2024-01-11,68.95000,69.30000,63.70000,67.20000,22140
2024-01-12,66.15000,67.55000,58.10000,63.00000,16463
2024-01-16,61.25000,63.70000,58.80000,62.65000,13131
2024-01-17,60.55000,65.10000,57.75000,59.85000,24634
2024-01-18,59.50000,59.85000,52.85000,53.55000,25949
2024-01-19,52.85000,53.55000,51.45000,52.15000,17400
2024-01-22,52.50000,54.95000,50.75000,54.25000,14691
2024-01-23,56.70000,60.20000,54.77500,57.05000,12246
2024-01-24,57.75000,58.80000,53.55000,53.90000,18254
2024-01-25,53.90000,55.65000,52.50000,54.60000,9989
2024-01-26,56.00000,60.20000,54.95000,59.15000,21454
2024-01-29,58.80000,64.05000,58.80000,59.85000,16066
2024-01-30,60.20000,62.30000,56.77000,58.45000,20591
2024-01-31,58.10000,60.20000,56.35000,57.40000,13583
2024-02-01,57.75000,59.50000,54.95000,56.35000,16511
2024-02-02,56.00000,56.35000,51.80000,56.00000,16997
2024-02-05,54.60000,57.75000,53.20000,57.75000,11829
2024-02-06,57.40000,61.25000,56.87500,59.15000,15860
2024-02-07,59.85000,60.20000,54.25000,56.35000,21357
2024-02-08,56.70000,57.92500,54.95000,57.05000,10417
2024-02-09,56.70000,59.15000,56.35000,57.40000,11806
2024-02-12,56.70000,59.15000,56.17500,57.75000,11020
2024-02-13,55.30000,58.45000,53.20000,54.95000,25817
2024-02-14,56.00000,56.35000,53.90000,53.90000,9700
2024-02-15,55.65000,59.15000,54.25000,58.80000,18123
2024-02-16,57.05000,66.50000,57.05000,65.45000,33180
2024-02-20,65.80000,68.95000,61.25000,63.35000,19963
2024-02-21,63.70000,64.40000,59.50000,61.95000,13031
2024-02-22,61.25000,63.52500,59.15000,60.90000,11326
2024-02-23,60.90000,62.12500,58.10000,61.25000,12651
2024-02-26,61.60000,73.85000,61.25000,72.45000,35429
2024-02-27,73.50000,84.70000,73.50000,80.85000,35446
2024-02-28,83.65000,85.92500,79.97500,84.70000,24234
2024-02-29,84.70000,92.05000,75.25000,79.45000,34726
2024-03-01,53.55000,53.90000,45.15000,46.72500,265191
2024-03-04,48.30000,49.35000,45.50000,46.90000,41300
2024-03-05,45.85000,46.55000,44.10000,45.85000,35029
2024-03-06,46.20000,51.80000,45.88500,47.60000,57437
2024-03-07,47.95000,49.70000,47.60000,48.65000,16769
2024-03-08,48.30000,50.75000,48.30000,49.70000,30383
2024-03-11,50.05000,50.40000,47.42500,49.00000,24231
2024-03-12,49.00000,49.00000,43.05000,46.20000,36720
2024-03-13,45.85000,47.25000,45.85000,46.55000,17249
2024-03-14,46.20000,49.35000,44.10000,48.65000,32949
2024-03-15,49.00000,50.43500,47.95000,47.95000,40711
2024-03-18,47.60000,49.17500,45.50000,47.95000,28966
2024-03-19,47.60000,49.70000,46.90000,47.25000,21274
2024-03-20,47.25000,49.00000,46.20000,47.60000,23751
2024-03-21,48.30000,49.00000,46.90000,49.00000,19494
2024-03-22,49.00000,52.50000,47.60000,50.40000,31846
2024-03-25,50.05000,52.15000,49.35000,51.10000,17469
2024-03-26,51.45000,54.77500,50.75000,52.85000,22746
2024-03-27,52.50000,58.10000,51.80000,56.35000,22117
2024-03-28,56.00000,59.50000,55.30000,55.65000,18706
2024-04-01,54.95000,57.75000,54.07500,54.95000,31749
2024-04-02,54.60000,56.00000,52.85000,54.25000,22449
2024-04-03,54.25000,55.30000,50.92500,53.90000,21863
2024-04-04,53.55000,55.65000,53.20000,53.55000,18503
2024-04-05,53.55000,54.77500,51.80000,53.55000,14920
2024-04-08,54.60000,54.60000,47.25000,48.65000,37211
2024-04-09,49.00000,52.85000,47.25000,47.60000,25551
2024-04-10,45.85000,49.00000,44.80000,46.90000,34926
2024-04-11,47.60000,47.95000,44.97500,45.50000,16249
2024-04-12,44.80000,46.72500,44.80000,46.55000,20437
2024-04-15,46.90000,47.95000,43.05000,44.80000,29229
2024-04-16,44.10000,44.10000,39.90000,40.60000,27963
2024-04-17,41.30000,42.70000,40.60000,40.95000,20943
2024-04-18,40.60000,41.30000,29.89000,31.50000,81160
2024-04-19,31.50000,33.74000,28.00000,31.43000,59983
2024-04-22,31.92000,35.70000,31.50000,33.28500,30594
2024-04-23,34.30000,36.05000,32.90000,34.19500,15766
2024-04-24,31.32500,32.55000,29.05000,29.75000,47774
2024-04-25,30.10000,31.39500,29.40000,30.13500,20774
2024-04-26,30.10000,32.72500,30.10000,30.83500,12146
2024-04-29,30.69500,32.76000,30.13500,32.27000,12334
2024-04-30,32.09500,32.20000,28.80500,29.85500,20260
2024-05-01,30.80000,31.85000,28.73500,29.96000,19326
2024-05-02,29.85500,31.15000,29.22500,29.68000,12063
2024-05-03,30.87000,31.25500,29.40000,30.10000,10900
2024-05-06,31.15000,31.15000,29.40000,30.31000,6789
2024-05-07,30.62500,33.56500,30.41500,32.09500,17654
2024-05-08,31.88500,32.51500,28.77000,29.64500,29706
2024-05-09,29.71500,30.06500,28.35000,29.05000,13820
2024-05-10,29.71500,29.85500,25.62000,26.07500,27014
2024-05-13,26.77500,29.36500,26.77500,28.17500,14297
2024-05-14,28.52500,28.98000,26.98500,28.00000,17057
2024-05-15,28.70000,29.75000,27.68500,28.63000,16929
2024-05-16,28.70000,30.73000,28.00000,30.45000,18014
2024-05-17,30.80000,33.95000,29.75000,31.50000,32009
2024-05-20,34.30000,43.75000,34.30000,42.35000,114234
2024-05-21,40.95000,41.30000,36.92500,38.85000,34117
2024-05-22,40.95000,40.95000,37.10000,40.25000,20097
2024-05-23,39.20000,39.37500,36.05000,38.15000,23417
2024-05-24,38.85000,40.60000,37.10000,39.55000,17860
2024-05-28,39.20000,39.55000,36.75000,37.80000,15686
2024-05-29,36.75000,39.90000,36.05000,39.90000,12271
2024-05-30,40.25000,44.80000,38.50000,38.85000,16794
2024-05-31,38.85000,40.95000,37.10000,37.80000,12714
2024-06-03,39.20000,42.00000,38.15000,38.15000,15291
2024-06-04,38.15000,41.30000,37.10000,38.15000,16097
2024-06-05,38.15000,40.25000,37.45000,37.80000,19189
2024-06-06,37.45000,41.30000,36.75000,41.30000,41780
2024-06-07,40.95000,42.00000,37.10000,38.15000,28780
2024-06-10,38.85000,41.30000,38.15000,39.20000,16011
2024-06-11,40.25000,47.60000,39.90000,46.55000,50689
2024-06-12,46.90000,54.60000,44.80000,50.40000,85054
2024-06-13,51.45000,54.77500,50.40000,52.15000,51594
2024-06-14,52.50000,57.40000,50.92500,56.35000,57934
2024-06-17,59.85000,80.50000,58.45000,75.25000,162309
2024-06-18,75.95000,77.00000,63.35000,64.05000,77097
2024-06-20,66.50000,71.40000,65.10000,68.60000,61443
2024-06-21,69.65000,69.65000,59.50000,61.25000,81674
2024-06-24,61.60000,64.92500,61.25000,62.47500,19171
2024-06-25,61.25000,62.30000,51.45000,51.80000,35746
2024-06-26,53.55000,54.00500,51.45000,52.50000,15351
2024-06-27,52.50000,64.40000,51.80000,62.65000,42494
2024-06-28,60.20000,68.25000,59.32500,67.55000,32331
2024-07-01,66.50000,68.25000,63.00000,65.80000,24943
2024-07-02,68.60000,73.46500,66.15000,67.55000,66114
2024-07-03,73.50000,78.05000,62.30000,63.00000,224340
2024-07-05,63.00000,67.55000,60.20000,65.80000,39766
2024-07-08,63.35000,71.05000,63.35000,65.80000,42417
2024-07-09,67.90000,71.40000,61.95000,63.00000,41369
2024-07-10,64.40000,66.85000,62.37000,64.75000,19826
2024-07-11,65.80000,71.40000,64.40000,68.95000,48760
2024-07-12,68.60000,70.70000,65.80000,67.90000,25009
2024-07-15,66.85000,67.37500,64.05000,66.15000,20080
2024-07-16,66.15000,70.70000,65.10000,68.60000,22249
2024-07-17,66.50000,73.50000,65.10000,68.25000,40900
2024-07-18,67.90000,70.17500,65.48500,67.20000,31860
2024-07-19,67.90000,67.90000,59.85000,61.07500,45597
2024-07-22,63.00000,63.00000,60.55000,60.90000,11666
2024-07-23,60.20000,62.30000,58.45000,59.85000,13300
2024-07-24,59.50000,63.00000,58.45000,59.85000,19777
2024-07-25,58.80000,61.25000,58.80000,59.50000,30283
2024-07-26,59.15000,59.50000,56.52500,58.80000,15897
2024-07-29,59.85000,59.85000,56.00000,56.35000,12831
2024-07-30,56.00000,56.10500,52.50000,54.25000,15271
2024-07-31,54.25000,57.75000,53.37500,55.65000,27320
2024-08-01,54.95000,55.30000,51.45000,52.50000,25229
2024-08-02,49.70000,52.32500,49.00000,50.40000,15449
2024-08-05,46.90000,49.70000,46.90000,49.00000,16791
2024-08-06,47.95000,50.40000,47.25000,47.95000,12214
2024-08-07,48.30000,50.40000,45.50000,46.20000,15957
2024-08-08,45.85000,48.30000,45.15000,46.20000,11009
2024-08-09,46.20000,47.46000,43.75000,44.45000,17563
2024-08-12,45.50000,47.42500,44.45000,46.20000,8369
2024-08-13,46.90000,49.00000,45.50000,45.85000,17137
2024-08-14,47.42500,49.00000,42.70000,43.75000,36960
2024-08-15,44.10000,46.02500,43.40000,43.40000,27240
2024-08-16,43.40000,46.20000,41.65000,43.05000,25751
2024-08-19,44.10000,45.50000,42.52500,44.45000,15191
2024-08-20,44.10000,45.50000,43.05000,44.10000,9823
2024-08-21,44.10000,46.20000,42.00000,43.40000,31751
2024-08-22,44.10000,44.10000,41.65000,42.70000,19274
2024-08-23,43.75000,45.15000,41.65000,42.70000,33889
2024-08-26,43.05000,43.05000,39.20000,39.90000,28029
2024-08-27,40.25000,40.60000,38.50000,39.20000,12171
2024-08-28,39.55000,39.55000,37.80000,38.85000,13011
2024-08-29,38.15000,39.90000,38.15000,38.85000,18777
2024-08-30,39.20000,41.65000,38.32500,40.25000,18360
2024-09-03,42.00000,42.52500,37.10000,38.50000,81760
2024-09-04,37.45000,38.50000,36.40000,38.15000,16357
2024-09-05,38.50000,38.85000,37.45000,38.85000,9957
2024-09-06,38.15000,38.67500,35.52500,36.40000,14934
2024-09-09,37.45000,37.45000,34.65000,35.70000,21277
2024-09-10,36.05000,37.80000,35.70000,37.80000,15271
2024-09-11,37.45000,39.20000,35.70000,38.15000,17729
2024-09-12,38.15000,38.32500,35.52500,37.10000,29257
2024-09-13,36.75000,41.30000,36.40000,40.25000,30566
2024-09-16,39.90000,39.90000,37.45000,38.15000,11663
2024-09-17,38.15000,38.50000,35.70000,36.40000,19091
2024-09-18,36.05000,38.50000,35.00000,35.35000,38997
2024-09-19,35.70000,39.72500,35.35000,36.05000,57057
2024-09-20,35.70000,36.75000,33.88000,35.00000,42926
2024-09-23,33.25000,33.25000,27.30000,27.51000,64211
2024-09-24,28.00000,29.26000,27.89500,28.73500,26886
2024-09-25,29.40000,29.78500,27.51000,28.00000,18669
2024-09-26,28.00000,31.85000,28.00000,31.50000,40137
2024-09-27,31.85000,36.05000,31.85000,32.93500,35626
2024-09-30,33.21500,34.30000,30.55500,32.37500,18171
2024-10-01,31.64000,32.16500,28.70000,31.11500,25549
2024-10-02,30.45000,32.20000,30.10000,30.69500,21400
2024-10-03,30.24000,31.78000,29.75000,29.92500,12340
2024-10-04,30.45000,35.70000,30.45000,34.30000,45723
2024-10-07,34.51000,37.80000,30.97500,32.06000,46069
2024-10-08,31.15000,31.64000,28.87500,29.36500,27131
2024-10-09,30.41500,31.39500,27.82500,28.63000,29777
2024-10-10,29.05000,29.05000,27.33500,27.47500,28451
2024-10-11,27.96500,28.10500,27.05500,27.65000,21640
2024-10-14,28.00000,28.00000,26.98500,27.54500,13226
2024-10-15,28.00000,29.22500,27.54500,28.28000,23554
2024-10-16,29.75000,37.45000,29.54000,30.45000,202163
2024-10-17,31.88500,34.23000,31.15000,33.14500,67480
2024-10-18,34.30000,39.55000,31.29000,33.95000,215351
2024-10-21,34.47500,37.10000,32.90000,34.30000,71646
2024-10-22,33.95000,36.92500,31.29000,33.95000,129557
2024-10-23,33.32000,34.65000,30.59000,31.99000,52397
2024-10-24,31.92000,32.48000,30.10000,31.25500,38403
2024-10-25,30.87000,32.20000,29.61000,30.13500,32277
2024-10-28,32.65500,35.70000,32.20000,34.37000,99637
2024-10-29,35.70000,37.10000,33.70500,34.82500,52397
2024-10-30,35.35000,35.70000,32.13000,32.97000,59591
2024-10-31,32.90000,34.30000,31.50000,33.60000,45140
2024-11-01,33.60000,35.35000,33.25000,33.98500,59503
2024-11-04,34.30000,35.35000,32.90000,33.77500,53049
2024-11-05,34.30000,37.45000,33.49500,36.75000,145883
2024-11-06,38.85000,39.90000,36.05000,37.45000,208883
2024-11-07,39.20000,39.20000,31.15000,34.16000,147323
2024-11-08,34.26500,34.26500,30.38000,30.80000,109771
2024-11-11,30.34500,30.80000,28.03500,28.03500,84031
2024-11-12,28.00000,28.70000,25.37500,26.91500,64006
2024-11-13,26.88000,28.14000,25.55000,25.90000,41737
2024-11-14,26.42500,26.42500,21.80500,23.80000,90700
2024-11-15,23.45000,23.80000,18.83000,21.35000,142506
2024-11-18,20.93000,25.72500,20.65000,22.22500,75131
2024-11-19,22.43500,23.94000,20.72000,22.78500,56169
2024-11-20,21.35000,21.52500,19.25000,19.77500,70826
2024-11-21,20.30000,20.40500,19.07500,19.32000,39771
2024-11-22,19.04000,19.07500,15.96000,18.23500,96900
2024-11-25,18.90000,24.08000,18.90000,21.00000,87374
2024-11-26,21.98000,22.40000,18.97000,22.40000,41600
2024-11-27,22.05000,22.75000,20.40500,21.52500,19749
2024-11-29,22.43500,23.45000,21.91000,22.54000,19211
2024-12-02,23.06500,26.07500,21.70000,22.43500,43400
2024-12-03,22.40000,22.92500,21.63000,21.73500,18911
2024-12-04,21.70000,23.10000,21.03500,22.26000,11863
2024-12-05,22.12000,22.71500,20.23000,21.66500,35763
2024-12-06,22.05000,23.31000,21.87500,22.64500,19446
2024-12-09,23.62500,25.58500,22.75000,24.04500,51966
2024-12-10,22.40000,23.45000,19.67000,20.12500,137057
2024-12-11,20.65000,20.65000,18.62000,20.65000,50686
2024-12-12,18.62000,18.62000,17.15000,18.02500,73929
2024-12-13,18.20000,18.20000,16.97500,17.74500,34394
2024-12-16,17.85000,17.85000,16.80000,17.64000,24440
2024-12-17,17.85000,18.90000,17.15000,17.64000,20103
2024-12-18,17.74500,17.85000,15.43500,16.06500,41114
2024-12-19,16.27500,16.80000,15.40000,15.40000,29671
2024-12-20,15.47000,15.75000,15.05000,15.68000,28006
2024-12-23,16.45000,17.85000,15.82000,15.99500,37694
2024-12-24,16.83500,16.94000,13.82500,14.70000,39326
2024-12-26,15.33000,15.33000,13.54500,14.35000,66463
2024-12-27,14.00000,14.24500,13.30000,13.65000,46820
2024-12-30,14.00000,16.62500,13.47500,14.73500,64709
2024-12-31,15.05000,15.26000,14.17500,14.91000,30457
2025-01-02,15.57500,16.27500,14.91000,15.26000,45237
2025-01-03,15.26000,16.80000,15.05000,16.59000,39214
2025-01-06,17.78000,18.02500,16.48500,17.85000,53734
2025-01-07,17.95500,17.95500,16.20500,16.80000,30251
2025-01-08,16.27500,16.80000,15.15500,15.85500,37057
2025-01-10,15.26000,16.10000,14.70000,15.92500,21074
2025-01-13,15.85500,17.25500,15.43500,15.50500,31917
2025-01-14,15.40000,16.24000,14.03500,15.75000,22291
2025-01-15,16.73000,17.01000,15.40000,15.61000,20877
2025-01-16,16.10000,18.37500,15.43500,16.41500,92900
2025-01-17,16.59000,16.59000,15.08500,15.71500,35394
2025-01-21,15.78500,16.27500,14.77000,14.80500,60554
2025-01-22,14.80500,15.61000,14.80500,15.40000,45434
2025-01-23,15.33000,15.47000,14.28000,15.05000,42151
2025-01-24,14.70000,15.40000,14.70000,15.40000,24863
2025-01-27,16.45000,16.80000,15.19000,16.10000,70517
2025-01-28,16.45000,16.45000,15.05000,15.64500,19060
2025-01-29,15.92500,15.92500,14.77000,15.75000,22089
2025-01-30,15.40000,15.64500,15.05000,15.40000,11426
2025-01-31,15.05000,15.12000,12.95000,14.42000,86360
2025-02-03,13.65000,14.80500,13.40500,14.80500,36149
2025-02-04,14.14000,14.66500,13.23000,14.03500,23603
2025-02-05,13.65000,14.28000,13.30000,14.03500,20503
2025-02-06,14.00000,14.00000,12.25000,12.81000,70940
2025-02-07,13.72000,13.72000,12.60000,12.91500,50963
2025-02-10,13.30000,13.30000,11.86500,12.32000,36343
2025-02-11,12.35500,12.35500,11.79500,12.35500,28277
2025-02-12,12.00500,12.35500,11.55000,11.83000,31694
2025-02-13,11.86500,12.21500,11.83000,12.21500,29800
2025-02-14,12.25000,12.60000,11.97000,12.39000,33414
2025-02-18,12.42500,12.74000,12.00500,12.39000,30174
2025-02-19,12.14500,12.53000,11.83000,12.28500,23531
2025-02-20,12.42500,12.42500,11.58500,11.76000,24071
2025-02-21,11.90000,11.97000,11.23500,11.55000,22969
2025-02-24,11.69000,11.69000,10.64000,11.06000,29003
2025-02-25,10.71000,10.85000,9.69500,9.80000,52926
2025-02-26,9.80000,10.04500,9.34500,9.45000,23166
2025-02-27,9.59000,9.62500,7.35000,7.98000,56720
2025-02-28,8.01500,8.36500,7.38500,8.26000,53826
2025-03-03,8.57500,10.18500,8.47000,10.18500,167757
2025-03-04,9.97500,10.99000,9.69500,10.53500,57720
2025-03-05,10.67500,11.16500,10.36000,10.85000,39163
2025-03-06,11.44500,12.91500,10.88500,11.34000,59211
2025-03-07,11.62000,12.42500,10.99000,12.14500,33423
2025-03-10,12.42500,13.44000,11.55000,12.25000,78606
2025-03-11,12.28500,12.60000,10.50000,11.27000,28751
2025-03-12,11.90000,11.90000,10.50000,10.92000,12263
2025-03-13,10.78000,10.78000,9.80000,10.01000,25094
2025-03-14,9.80000,11.02500,9.66000,10.43000,26826
2025-03-17,10.92000,10.99000,10.18500,10.50000,25537
2025-03-18,10.64000,11.20000,10.36000,10.81500,20897
2025-03-19,10.81500,11.90000,10.32500,10.32500,33243
2025-03-20,10.39500,10.67500,9.80000,9.80000,21609
2025-03-21,9.45000,10.15000,8.78500,9.80000,45403
2025-03-24,9.87000,10.15000,9.06500,9.66000,27951
2025-03-25,9.80000,9.87000,8.71500,8.71500,31269
2025-03-26,9.45000,9.45000,8.40000,8.89000,26797
2025-03-27,8.89000,8.96000,8.40000,8.68000,18346
2025-03-28,8.68000,8.68000,7.77000,8.50500,18786
2025-03-31,8.54000,9.97500,8.05000,8.71500,38066
2025-04-01,9.17000,9.45000,7.80500,8.33000,43903
2025-04-02,8.22500,11.58500,8.22500,10.43000,93900
2025-04-03,9.97500,10.50000,9.45000,9.97500,31717
2025-04-04,9.80000,9.94000,8.82000,9.03000,32694
2025-04-07,8.92500,9.24000,8.54000,8.71500,18180
2025-04-08,8.92500,9.06500,7.94500,8.64500,25617
2025-04-09,8.22500,10.15000,8.05000,8.29500,42866
2025-04-10,9.27500,9.45000,8.01500,8.75000,54031
2025-04-11,6.96500,7.35000,6.30000,6.86000,146346
2025-04-14,7.17500,7.31500,6.12500,6.61500,56640
2025-04-15,6.72000,7.64000,6.19500,6.92000,172300
2025-04-16,6.70000,7.19000,5.90000,6.12000,345100
2025-04-17,6.06000,6.32000,5.80000,6.02000,108900
2025-04-21,5.80000,5.95500,4.55500,4.70000,155700
2025-04-22,4.76000,4.98000,3.60000,3.99000,385900
2025-04-23,3.80000,4.94000,3.80000,4.06000,288700
2025-04-24,4.10000,4.59000,4.00000,4.43000,164400
2025-04-25,4.29000,4.98000,4.24000,4.67000,123000
2025-04-28,4.80000,5.23000,4.55000,4.95000,131200
2025-04-29,5.06000,5.74000,4.55000,4.61000,292300
2025-04-30,4.98000,5.58800,4.51000,4.74000,504300
2025-05-01,4.74000,5.16000,4.61000,5.10000,196900
2025-05-02,5.10000,5.58000,5.10000,5.44000,144200
2025-05-05,5.58000,6.13100,5.22500,5.43000,249400
2025-05-06,5.36000,5.45300,4.78000,4.91000,115000
2025-05-07,4.83000,5.31000,4.60000,4.61000,113200
2025-05-08,4.61000,4.92000,4.20000,4.39000,225000
2025-05-09,4.38000,4.54000,3.95000,4.01000,185300
2025-05-12,4.26000,4.46000,3.92000,4.10000,127200
2025-05-13,4.07000,4.29000,3.94000,4.19000,112300
2025-05-14,4.21000,4.88000,4.21000,4.47000,211500
2025-05-15,4.32000,4.39200,4.02000,4.12000,125000
2025-05-16,4.30000,4.40000,4.05000,4.21000,98400
2025-05-19,4.15000,4.74000,4.08000,4.69500,117300
2025-05-20,4.72000,5.31000,4.66500,5.00000,181100
2025-05-21,5.04000,5.28000,4.65000,4.74000,139600
2025-05-22,4.74000,4.95000,4.51000,4.68000,123500
2025-05-23,4.58000,4.73000,4.43100,4.55000,86400
2025-05-27,4.68000,5.09000,4.60000,4.85000,109600
2025-05-28,5.00000,5.76000,4.94000,5.25000,226900
2025-05-29,5.64000,5.94000,5.26200,5.65000,117200
2025-05-30,5.60000,5.65000,5.05000,5.12000,129300
2025-06-02,5.04000,5.29800,4.81000,4.91000,95600
2025-06-03,4.90000,5.50000,4.76000,5.47000,90500
2025-06-04,5.57000,7.03000,5.47000,6.97000,258100
2025-06-05,7.28000,7.52000,6.28000,6.47000,185300
2025-06-06,6.60000,6.93900,6.25000,6.31000,159300
2025-06-09,6.30000,6.47000,5.93000,6.18000,151800
2025-06-10,6.11000,6.43500,5.95000,6.03000,109600
2025-06-11,6.01000,6.13500,5.57000,5.59000,112100
2025-06-12,5.60000,5.60000,5.15000,5.19000,263600
2025-06-13,5.10000,5.30000,4.78000,4.82000,141000
2025-06-16,4.82000,4.97000,4.71000,4.79000,103800
2025-06-17,4.71000,4.80000,4.56000,4.64000,99700
2025-06-18,4.70000,4.90000,4.66000,4.79000,53400
2025-06-20,4.80000,4.92400,4.64000,4.91000,95900
2025-06-23,4.91000,4.98000,4.53000,4.98000,111100
2025-06-24,4.98000,5.60000,4.98000,5.50000,135300
2025-06-25,5.39000,5.45000,5.16000,5.38000,38700
2025-06-26,5.36000,5.42000,5.26000,5.30000,47300
2025-06-27,5.30000,6.47200,5.30000,6.05000,181500
2025-06-30,6.12000,6.23700,5.84500,5.89000,70900
2025-07-01,5.81000,6.33200,5.72000,6.04000,60200
2025-07-02,6.06000,6.39000,6.06000,6.24000,113300
2025-07-03,6.24000,6.37000,6.00000,6.36000,26300
2025-07-07,6.25000,6.39000,6.08000,6.25000,43700
2025-07-08,6.26000,6.76000,6.21900,6.33000,73600
2025-07-09,6.35000,6.50000,6.22000,6.40000,81700
2025-07-10,6.40000,6.59000,6.24000,6.49000,66400
2025-07-11,6.56000,6.59600,6.20000,6.46000,84300
2025-07-14,6.43000,6.63900,6.23000,6.32000,89400
2025-07-15,6.35000,6.79000,6.17000,6.73000,88200
2025-07-16,6.78000,7.20000,6.73000,7.00000,107600
2025-07-17,7.21000,9.34000,7.05200,9.25000,406500
2025-07-18,9.50000,9.69000,8.70000,8.86000,241300
2025-07-21,8.90000,9.10000,8.45900,8.60000,124600
2025-07-22,8.77000,8.98000,7.97500,8.84000,213400
2025-07-23,8.80000,11.79000,8.75100,11.36000,616700
2025-07-24,11.70000,12.41100,10.50000,10.72000,297500
2025-07-25,10.88000,11.98000,10.14000,11.96000,240900
2025-07-28,12.46000,16.47000,12.17000,15.52000,840400
2025-07-29,16.26000,17.76000,14.26000,15.95000,550500
2025-07-30,16.06000,16.26000,12.81000,12.94000,386900
2025-07-31,13.00000,14.77000,12.59000,13.42000,187000
2025-08-01,12.98000,13.98000,12.71000,13.41000,146300
2025-08-04,13.42000,15.59000,13.00000,14.96000,214100
2025-08-05,14.67000,14.80500,13.67000,13.99000,170200
2025-08-06,13.67000,14.94500,13.67000,14.91000,128300
2025-08-07,15.17000,15.90000,14.78000,15.87000,160700
2025-08-08,15.54000,16.03000,15.16000,15.72000,97800
2025-08-11,16.44000,16.45900,15.37200,15.82000,125500
2025-08-12,15.98000,19.09000,15.61000,17.67000,400200
2025-08-13,19.45000,21.61000,19.15500,21.00000,444500
2025-08-14,21.90000,22.01000,16.60000,17.37000,540400
2025-08-15,17.62000,20.40000,17.40000,18.08000,540400
2025-08-18,18.08000,19.78000,17.50000,19.38000,389500
2025-08-19,19.16000,19.65000,17.40000,17.96000,251800
2025-08-20,17.51000,17.89300,16.01000,17.57000,211800
2025-08-21,16.55000,17.33000,15.61000,17.14000,239500
2025-08-22,17.32000,20.41400,17.32000,18.87000,465900
2025-08-25,18.73000,19.00000,17.89900,18.29000,191600
2025-08-26,18.40000,19.73200,17.80000,18.02000,177600
2025-08-27,18.00000,18.63000,17.35000,18.02000,162300
2025-08-28,18.56000,18.56000,17.50000,18.23000,108900
2025-08-29,18.03000,18.10000,17.50000,17.76000,70400
2025-09-02,17.50000,18.73000,17.22000,18.64000,125100
2025-09-03,18.97000,20.35000,18.35000,18.86000,153200
2025-09-04,18.92000,20.45000,18.51000,20.38000,168800
2025-09-05,20.28000,22.80000,19.77000,22.80000,223900
2025-09-08,22.75000,23.91000,22.00000,22.17000,239700
2025-09-09,21.75000,25.23000,21.59000,25.13000,245800
2025-09-10,24.90000,25.79000,24.00000,25.42500,173600
2025-09-11,25.67000,25.95000,23.90300,25.36000,123900
2025-09-12,25.48000,27.09000,25.00000,26.28000,342900
2025-09-15,27.44000,27.58000,24.80000,25.70000,211900
2025-09-16,25.68000,26.75000,22.45000,22.56000,263600
2025-09-17,22.60000,26.45000,22.60000,24.96000,274600
2025-09-18,25.01000,25.98000,24.60000,25.66000,77300
2025-09-19,27.00000,30.51500,26.90000,29.08000,498500
2025-09-22,29.01000,30.10000,28.08000,30.00000,165100
2025-09-23,30.49000,34.27000,28.01000,28.80000,532700
2025-09-24,28.80000,30.73000,27.10000,28.59000,317100
2025-09-25,28.59000,29.69000,27.25000,28.87000,137100
2025-09-26,28.94000,30.90000,27.30000,29.21000,269100
2025-09-29,29.73000,29.84000,26.27000,26.62000,182200
2025-09-30,26.72000,26.99000,19.10000,19.68000,568900
2025-10-01,20.07000,21.91000,18.70000,20.68000,280100
2025-10-02,20.30000,20.47000,16.53000,17.35000,476700
2025-10-03,17.09000,17.58000,14.80000,15.78000,509200
2025-10-06,15.73000,17.69000,15.40000,16.82000,304300
2025-10-07,17.15000,19.41000,16.68000,18.23000,488900
2025-10-08,18.00000,18.47400,17.01000,17.58000,264100
2025-10-09,17.58000,18.25000,16.99500,17.68000,190800
2025-10-10,17.62000,17.83000,14.90000,14.93000,371400
2025-10-13,15.31000,15.94700,14.28800,14.74000,203900
2025-10-14,14.25000,14.74000,14.01100,14.58000,158100
2025-10-15,14.58000,15.25300,13.61000,14.33000,194000
2025-10-16,14.05000,14.70000,13.27000,13.30500,129400
2025-10-17,13.00000,13.34400,12.62000,12.78000,200500
2025-10-20,12.70000,14.74000,12.70000,14.09000,106400
2025-10-21,14.15000,14.54200,13.45000,13.75000,79500
2025-10-22,13.48000,13.80500,13.03000,13.17000,71400
2025-10-23,13.70000,14.89000,13.67000,14.59000,124000
2025-10-24,15.25000,16.91000,15.05000,16.31000,208500
2025-10-27,17.17000,19.25000,16.75000,18.99000,354000
2025-10-28,19.00000,20.02000,17.90100,18.18000,273300
2025-10-29,18.15000,18.78500,17.50100,18.44000,92800
2025-10-30,18.50000,19.00000,17.55000,18.05000,97400
2025-10-31,18.05000,18.50000,16.05000,16.50000,219100
2025-11-03,16.57000,17.99000,16.18500,17.86000,98300
2025-11-04,17.36000,21.00000,17.17400,19.72000,315300
2025-11-05,19.52000,20.09000,18.42000,18.47000,142200
2025-11-06,18.51000,19.19000,16.80000,16.94500,102100
2025-11-07,16.31000,18.98000,16.31000,18.81000,121000
2025-11-10,19.20000,19.30000,17.86000,18.35000,81200
2025-11-11,18.15000,18.95000,17.28000,18.86000,77800
2025-11-12,18.85000,19.42000,18.09900,18.92000,92600
2025-11-13,19.29000,19.56000,17.58000,17.87000,66900
2025-11-14,17.76000,18.80000,17.18000,17.69000,63200
2025-11-17,16.98000,17.48000,15.30000,15.51000,120200
2025-11-18,16.03000,16.78000,15.90000,16.37000,42300
2025-11-19,16.52000,17.34000,15.95000,17.18000,94200
2025-11-20,17.72000,21.30000,17.44000,18.95000,383700
2025-11-21,18.72000,27.00000,18.72000,22.51000,500800
2025-11-24,22.06000,23.02500,20.19000,22.00000,344200
2025-11-25,21.29000,22.31300,19.43000,20.25000,71200
2025-11-26,20.43000,21.31200,20.01000,20.34000,45000
2025-11-28,20.37000,20.91200,20.00000,20.36000,22100
2025-12-01,20.25000,20.25000,19.11000,19.46000,43600
2025-12-02,19.56000,19.56000,18.34000,18.75000,62400
2025-12-03,18.98000,20.58700,18.78000,19.94000,106800
2025-12-04,19.91000,20.62000,19.16000,19.40000,62400
2025-12-05,19.44000,19.94000,19.04000,19.15000,61500
2025-12-08,19.15000,19.37500,17.55000,17.93000,90300
2025-12-09,18.04000,18.62000,17.51000,17.70000,61700
2025-12-10,17.62000,18.23000,17.00000,17.29000,128700
2025-12-11,17.11000,17.75000,16.77000,16.80000,120500
2025-12-12,17.10000,17.32100,16.41500,16.63000,61100
2025-12-15,16.46000,17.05000,16.10000,16.52000,63000
2025-12-16,16.00000,16.55500,15.51000,15.76000,130300
2025-12-17,15.72000,15.82000,15.32000,15.39000,68600
2025-12-18,15.39000,15.73000,14.61000,14.61000,61500
2025-12-19,14.77000,14.88000,14.24000,14.35000,58500
2025-12-22,14.38000,14.75000,14.00000,14.27000,58100
2025-12-23,14.20000,14.31200,12.96000,13.10000,85600
2025-12-24,13.04000,14.10000,12.87300,13.82000,47700
2025-12-26,13.80000,14.40000,13.50000,14.10000,63900
2025-12-29,13.93000,14.15000,13.30000,13.68000,55900
2025-12-30,13.49000,14.24000,12.29000,12.30000,108600
2025-12-31,12.30000,12.55000,11.83700,12.20000,76500
2026-01-02,12.18000,13.25000,12.18000,13.09000,51800
2026-01-05,13.19000,13.50000,13.10000,13.26000,66700
2026-01-06,13.06000,13.48000,12.80000,13.10000,42600
2026-01-07,13.10000,14.04000,13.10000,13.35000,86200
2026-01-08,13.06000,14.05000,13.06000,13.29000,118400
2026-01-09,13.47500,13.77000,12.80000,12.80000,52100
2026-01-12,12.80000,13.83000,12.61000,13.40000,100900
2026-01-13,13.55000,13.72000,12.32000,12.43000,153200
2026-01-14,12.55000,12.70000,11.60000,12.00000,104200
2026-01-15,11.94000,11.94000,11.10000,11.46000,83900
2026-01-16,11.35000,11.91000,11.12000,11.34000,66300
2026-01-20,11.13000,11.49100,10.85000,10.89000,48500
2026-01-21,10.91000,11.12000,10.34500,10.60000,57700
2026-01-22,10.61000,11.95000,10.61000,11.53000,106000
2026-01-23,11.54000,12.29500,10.98000,10.99000,82800
2026-01-26,11.00000,11.09000,9.57000,9.68000,98600
2026-01-27,10.00000,10.00000,9.11100,9.44000,91700
2026-01-28,9.43000,9.58500,8.63700,8.85000,60300
2026-01-29,8.90000,9.06900,8.24500,8.69000,62300
2026-01-30,8.79000,9.02000,8.33000,8.52000,97600
2026-02-02,8.52000,10.41000,8.52000,9.14000,128300
2026-02-03,9.27000,9.63000,8.72300,8.81000,47400
2026-02-04,9.06000,9.15000,8.55000,8.75000,47400
2026-02-05,8.56000,8.76000,7.84000,7.86000,74300
2026-02-06,7.86000,8.67000,7.82000,8.49000,62400
2026-02-09,8.48000,9.23000,8.48000,8.61000,64600
2026-02-10,8.80000,9.50300,8.77000,8.92000,69000
2026-02-11,8.91000,9.50000,8.12000,8.56000,49400
2026-02-12,8.61000,8.91000,8.19000,8.26000,26800
2026-02-13,8.46000,8.70000,8.14000,8.31000,55000
2026-02-17,8.55000,8.55000,7.93000,8.07000,25600
2026-02-18,8.01000,8.42000,8.00000,8.22000,36300
2026-02-19,8.13000,8.33000,7.78000,8.01000,31300
2026-02-20,7.85000,8.20000,7.83000,8.12000,21400
2026-02-23,8.01000,8.33000,7.68000,7.85000,26500
2026-02-24,7.80000,8.25000,7.80000,8.16000,21700
2026-02-25,8.13000,8.33000,7.80400,8.23000,28400
2026-02-26,8.20000,8.45000,7.86000,8.12000,25000
2026-02-27,8.12000,8.21000,7.73700,8.21000,33300
2026-03-02,7.96000,8.22000,7.90000,8.09000,17200
2026-03-03,7.85000,9.00000,7.69000,8.97000,124000
2026-03-04,8.63000,8.89000,8.45000,8.73000,25400
2026-03-05,8.68000,8.87000,8.21000,8.42000,20600
2026-03-06,8.26000,8.48000,7.98000,8.48000,22600
2026-03-09,8.31000,8.61500,8.00000,8.58000,16900
2026-03-10,8.59000,8.79000,8.32500,8.65000,22200
2026-03-11,8.54000,9.77000,8.37000,9.23000,50800
2026-03-12,9.05000,9.19000,8.69000,8.81000,34600
2026-03-13,8.72000,9.01000,8.15000,8.28000,32000
2026-03-16,8.40000,8.71000,7.99000,8.43000,27100
2026-03-17,8.33000,8.73000,8.03000,8.15500,35000
2026-03-18,8.04000,8.14000,7.72000,7.72000,30900
2026-03-19,7.79700,8.10000,7.51000,7.80000,27900
2026-03-20,7.90000,7.90000,7.28000,7.52000,29000
2026-03-23,7.33000,7.69000,7.17900,7.35000,33500
2026-03-24,7.26000,7.28100,6.60000,6.61000,67400
2026-03-25,6.74000,6.89000,6.57400,6.72000,14900
2026-03-26,6.74000,6.80900,6.45000,6.58000,21400
2026-03-27,6.87000,6.97200,6.20000,6.41000,32900
2026-03-30,6.36000,6.50000,6.23000,6.33000,18300
2026-03-31,6.33000,6.69000,6.33000,6.66000,13400
2026-04-01,6.61000,7.09000,6.61000,6.91000,14800
2026-04-02,6.77400,7.76000,6.76000,7.44000,54100
2026-04-06,7.48000,7.59000,7.13000,7.13000,24800
2026-04-07,7.00000,7.29000,6.80000,7.02000,22400
2026-04-08,7.39800,7.63900,7.06000,7.25000,47500
2026-04-09,7.27000,7.37300,7.00000,7.01000,21100
2026-04-10,7.16000,7.28000,6.62000,6.80000,55500
2026-04-13,6.50000,6.84700,4.20000,5.96000,172600
2026-04-14,6.07000,6.17000,5.70000,5.93000,25500
2026-04-15,5.90000,6.30000,5.85500,6.17500,19067
