date,open,high,low,close,volume
2016-02-04,38.82000,38.99000,37.75000,38.70000,3778800
2016-02-05,39.05000,39.09000,35.39000,35.66000,7554600
2016-02-08,35.42000,35.53000,33.53000,33.96000,6731700
2016-02-09,33.75000,34.39000,33.23000,33.89000,8214000
2016-02-10,34.31000,35.20000,33.72000,34.57000,3776200
2016-02-11,33.78000,34.42000,33.60000,34.03000,3960500
2016-02-12,34.59000,35.27000,34.01000,35.11000,3200600
2016-02-16,35.78000,36.53000,35.05000,36.45000,4422500
2016-02-17,38.31000,38.31000,35.86000,36.85000,9705900
2016-02-18,37.11000,37.45000,36.45000,36.63000,4004800
2016-02-19,36.33000,36.64000,34.87000,34.95000,5286900
2016-02-22,35.56000,35.98000,35.28000,35.83000,4944500
2016-02-23,35.80000,36.40000,35.52000,36.20000,2826600
2016-02-24,36.16000,37.00000,35.82000,36.78000,7954500
2016-02-25,37.00000,38.44000,36.90000,38.36000,4313400
2016-02-26,37.36000,37.78000,36.57000,37.47000,4714900
2016-02-29,37.48000,38.02000,37.09000,37.10000,4383300
2016-03-01,37.03000,38.69000,37.00000,38.65000,4224300
2016-03-02,38.54000,38.82000,37.69000,38.77000,2544100
2016-03-03,39.50000,39.79000,38.77000,38.97000,6974800
2016-03-04,39.12000,39.51000,38.38000,38.48000,3446800
2016-03-07,38.24000,39.20000,38.24000,38.64000,4463400
2016-03-08,38.62000,39.10000,38.33000,38.95000,4869300
2016-03-09,39.00000,39.03000,38.16000,38.20000,6058700
2016-03-10,38.48000,38.75000,37.47000,37.57000,5178900
2016-03-11,37.84000,38.15000,37.47000,37.75000,6587100
2016-03-14,37.50000,37.57000,36.70000,37.09000,4344100
2016-03-15,36.76000,36.93000,36.26000,36.77000,3536900
2016-03-16,36.80000,37.24000,36.49000,37.18000,4939900
2016-03-17,37.18000,37.52000,36.97000,37.16000,4757000
2016-03-18,37.34000,37.62000,36.75000,36.93000,5394400
2016-03-21,37.43000,37.49000,36.91000,37.35000,2737900
2016-03-22,36.90000,37.41000,36.85000,37.28000,3132200
2016-03-23,37.17000,37.26000,36.27000,37.07000,3287700
2016-03-24,36.85000,37.10000,36.44000,37.00000,6775100
2016-03-28,36.98000,37.20000,36.75000,37.04000,2608100
2016-03-29,37.14000,38.61000,36.83000,38.43000,4809600
2016-03-30,38.54000,38.99000,38.18000,38.44000,2693600
2016-03-31,38.52000,38.65000,38.01000,38.30000,3830500
2016-04-01,38.06000,39.50000,37.93000,39.36000,6229200
2016-04-04,39.24000,39.96000,39.06000,39.66000,4075400
2016-04-05,39.34000,39.74000,38.82000,39.14000,3926200
2016-04-06,39.31000,39.49000,38.95000,39.10000,2772500
2016-04-07,38.75000,39.04000,38.42000,38.82000,4579500
2016-04-08,38.98000,39.11000,38.45000,38.70000,1873200
2016-04-11,38.77000,39.00000,38.52000,38.64000,1818800
2016-04-12,38.60000,39.19000,38.45000,38.89000,3305700
2016-04-13,39.12000,39.35000,38.67000,38.85000,2653300
2016-04-14,38.81000,38.99000,38.44000,38.81000,2068300
2016-04-15,38.99000,39.51000,38.88000,39.29000,6091500
2016-04-18,39.12000,39.61000,38.99000,39.25000,8171400
2016-04-19,39.36000,39.86000,39.02000,39.85000,8717700
2016-04-20,39.96000,40.82000,39.67000,40.15000,6149700
2016-04-21,40.10000,40.59000,38.31000,40.25000,4133800
2016-04-22,40.22000,40.85000,40.11000,40.22000,3652000
2016-04-25,40.30000,41.26000,40.01000,41.18000,6979700
2016-04-26,41.84000,42.20000,39.17000,39.33000,14907600
2016-04-27,39.45000,40.12000,39.41000,39.70000,7511800
2016-04-28,39.62000,40.10000,39.40000,39.76000,4344400
2016-04-29,39.40000,39.73000,38.47000,39.28000,5388900
2016-05-02,39.36000,40.10000,39.29000,39.99000,3703600
2016-05-03,39.83000,39.88000,39.43000,39.66000,3310500
2016-05-04,39.51000,39.91000,39.08000,39.10000,3750400
2016-05-05,39.10000,39.67000,38.87000,39.25000,3887800
2016-05-06,39.00000,39.62000,38.67000,39.49000,2566000
2016-05-09,39.58000,40.00000,39.43000,39.90000,2118800
2016-05-10,39.97000,40.90000,39.89000,40.81000,6717300
2016-05-11,40.66000,41.11000,40.54000,40.82000,3997000
2016-05-12,40.83000,41.06000,40.49000,40.72000,4033900
2016-05-13,40.56000,41.04000,40.56000,40.64000,3434000
2016-05-16,40.55000,40.90000,40.30000,40.62000,3023400
2016-05-17,40.42000,41.46000,40.41000,40.72000,7527100
2016-05-18,40.72000,41.13000,40.28000,40.68000,5051800
2016-05-19,40.42000,40.89000,40.09000,40.81000,3001300
2016-05-20,40.98000,42.11000,40.89000,41.70000,6966900
2016-05-23,41.56000,41.88000,41.35000,41.64000,4274300
2016-05-24,41.69000,41.93000,41.18000,41.87000,4371500
2016-05-25,41.93000,42.18000,41.60000,42.12000,2311700
2016-05-26,41.91000,42.73000,41.74000,42.63000,3565600
2016-05-27,42.51000,42.72000,42.17000,42.54000,2337600
2016-05-31,42.45000,42.97000,42.38000,42.76000,3858800
2016-06-01,42.50000,42.88000,42.42000,42.62000,4443700
2016-06-02,42.75000,43.23000,42.43000,43.19000,4664500
2016-06-03,43.18000,43.83000,42.93000,43.63000,3492000
2016-06-06,43.56000,43.82000,42.98000,43.07000,5356800
2016-06-07,43.25000,43.98000,43.17000,43.74000,2628500
2016-06-08,43.80000,44.13000,43.47000,43.91000,2524900
2016-06-09,43.62000,43.91000,42.84000,43.08000,3509700
2016-06-10,42.47000,42.69000,41.85000,41.93000,4821500
2016-06-13,41.70000,42.57000,41.57000,42.07000,4009700
2016-06-14,42.00000,42.83000,41.86000,42.35000,2958600
2016-06-15,42.20000,42.32000,41.18000,41.66000,4306600
2016-06-16,41.45000,41.78000,41.07000,41.76000,3057400
2016-06-17,41.87000,41.92000,41.22000,41.77000,4239000
2016-06-20,42.06000,42.58000,42.00000,42.28000,2461400
2016-06-21,42.22000,43.05000,41.90000,42.92000,2290500
2016-06-22,42.81000,43.20000,42.65000,42.70000,1909000
2016-06-23,43.18000,43.68000,42.97000,43.67000,1871700
2016-06-24,41.29000,42.78000,40.87000,41.10000,8258300
2016-06-27,40.85000,41.36000,40.50000,41.20000,4128900
2016-06-28,41.51000,42.69000,41.27000,42.51000,3883600
2016-06-29,42.70000,43.50000,42.58000,43.45000,4106000
2016-06-30,43.37000,43.46000,43.05000,43.27000,3439900
2016-07-01,43.16000,43.63000,42.96000,42.99000,2326100
2016-07-05,43.00000,43.53000,42.78000,43.21000,2467100
2016-07-06,43.09000,43.31000,42.71000,43.15000,3809600
2016-07-07,43.21000,43.49000,42.83000,42.96000,1517100
2016-07-08,43.20000,43.72000,42.84000,43.58000,2392400
2016-07-11,43.77000,44.11000,43.62000,44.04000,2739000
2016-07-12,44.10000,44.27000,43.57000,43.64000,2275000
2016-07-13,43.91000,44.29000,43.26000,44.21000,2429100
2016-07-14,44.50000,44.60000,43.97000,44.03000,2832400
2016-07-15,44.34000,44.93000,44.03000,44.41000,3031700
2016-07-18,44.64000,44.70000,44.00000,44.37000,1916100
2016-07-19,44.31000,44.56000,44.13000,44.38000,1321100
2016-07-20,44.29000,44.56000,43.84000,44.54000,1647700
2016-07-21,44.63000,44.88000,43.96000,44.67000,2910800
2016-07-22,44.93000,45.56000,44.83000,45.44000,2312000
2016-07-25,45.50000,45.64000,44.88000,45.04000,3872700
2016-07-26,45.00000,45.10000,44.43000,44.98000,3181000
2016-07-27,45.85000,45.94000,44.29000,45.64000,7307500
2016-07-28,45.61000,46.25000,45.41000,46.22000,3422000
2016-07-29,46.23000,46.96000,46.12000,46.34000,3237000
2016-08-01,46.54000,47.40000,46.50000,47.07000,3375700
2016-08-02,46.91000,47.15000,46.21000,46.81000,2175800
2016-08-03,46.80000,47.23000,46.48000,47.21000,3376400
2016-08-04,47.23000,47.36000,46.85000,47.33000,1852500
2016-08-05,47.40000,47.87000,47.12000,47.78000,2398900
2016-08-08,47.73000,48.11000,47.46000,47.61000,3055000
2016-08-09,47.84000,48.01000,47.46000,47.64000,1782800
2016-08-10,47.75000,47.78000,47.08000,47.20000,2064200
2016-08-11,47.11000,47.43000,46.70000,46.83000,2543600
2016-08-12,46.61000,47.59000,46.61000,46.95000,1704000
2016-08-15,47.13000,47.41000,46.72000,46.77000,1778900
2016-08-16,46.74000,46.95000,46.24000,46.24000,1726100
2016-08-17,46.34000,47.06000,45.67000,46.38000,3560000
2016-08-18,46.35000,47.03000,46.13000,46.98000,2964200
2016-08-19,46.80000,46.85000,46.06000,46.27000,1729000
2016-08-22,46.27000,46.74000,46.10000,46.71000,1408900
2016-08-23,46.96000,47.31000,46.72000,46.83000,1563800
2016-08-24,46.66000,47.05000,46.09000,46.21000,1615800
2016-08-25,46.31000,46.60000,46.12000,46.28000,1151100
2016-08-26,46.42000,46.49000,45.45000,45.96000,2052000
2016-08-29,46.64000,47.18000,46.50000,46.73000,2613200
2016-08-30,46.81000,46.99000,45.98000,46.10000,2569200
2016-08-31,46.00000,46.46000,45.82000,46.34000,2432800
2016-09-01,46.41000,46.94000,46.21000,46.25000,2643500
2016-09-02,46.75000,47.30000,46.71000,47.29000,2542400
2016-09-06,47.15000,47.38000,46.80000,47.21000,2507800
2016-09-07,46.98000,47.07000,46.44000,46.73000,2894600
2016-09-08,46.64000,46.95000,46.42000,46.71000,2426500
2016-09-09,46.09000,46.44000,44.62000,44.64000,3543700
2016-09-12,44.50000,46.13000,44.35000,45.93000,3798700
2016-09-13,45.70000,45.95000,44.74000,45.34000,3797000
2016-09-14,45.35000,46.29000,45.32000,45.87000,3981400
2016-09-15,46.00000,47.46000,45.89000,47.18000,2894600
2016-09-16,47.06000,47.67000,46.32000,46.55000,5424600
2016-09-19,46.61000,46.73000,45.73000,45.93000,1935900
2016-09-20,46.25000,46.25000,44.49000,44.50000,5297700
2016-09-21,45.01000,46.04000,44.60000,45.88000,3909800
2016-09-22,46.14000,47.11000,45.72000,47.03000,3308800
2016-09-23,46.98000,47.44000,46.85000,47.29000,2678900
2016-09-26,46.77000,47.12000,46.65000,46.92000,2069700
2016-09-27,46.89000,47.27000,46.68000,46.90000,3388500
2016-09-28,46.78000,46.96000,46.41000,46.81000,1720800
2016-09-29,46.71000,46.84000,46.22000,46.46000,2458500
2016-09-30,46.46000,47.22000,46.19000,46.72000,3805900
2016-10-03,46.54000,47.11000,46.29000,46.88000,2103500
2016-10-04,46.77000,47.25000,46.63000,46.75000,3490900
2016-10-05,46.94000,46.94000,46.02000,46.07000,2371700
2016-10-06,45.90000,46.10000,45.26000,45.50000,3072600
2016-10-07,45.74000,45.74000,44.91000,45.27000,2932600
2016-10-10,45.30000,46.23000,45.20000,46.15000,2227000
2016-10-11,46.18000,46.18000,45.22000,45.61000,1986100
2016-10-12,45.61000,46.15000,45.52000,46.03000,1394900
2016-10-13,45.59000,46.03000,45.07000,46.01000,3005400
2016-10-14,46.05000,47.00000,45.90000,46.23000,2231000
2016-10-17,46.09000,46.54000,46.04000,46.52000,1700100
2016-10-18,46.91000,47.52000,46.85000,47.35000,2836000
2016-10-19,47.09000,47.39000,46.77000,47.32000,2955700
2016-10-20,47.03000,47.15000,46.49000,47.05000,2373000
2016-10-21,46.86000,47.28000,46.58000,46.75000,5837900
2016-10-24,48.32000,51.35000,48.32000,51.19000,21198300
2016-10-25,51.17000,51.65000,49.43000,49.60000,11909500
2016-10-26,49.68000,50.40000,49.35000,49.50000,11194000
2016-10-27,49.55000,49.75000,48.95000,49.50000,4161600
2016-10-28,49.24000,49.97000,49.08000,49.35000,3227800
2016-10-31,49.63000,50.01000,49.32000,49.73000,3529000
2016-11-01,49.68000,49.82000,48.83000,49.29000,2804400
2016-11-02,49.25000,49.77000,48.76000,49.18000,3279600
2016-11-03,49.27000,49.91000,49.21000,49.52000,4088300
2016-11-04,48.79000,50.59000,48.79000,49.35000,3261000
2016-11-07,50.39000,50.88000,50.00000,50.35000,3851400
2016-11-08,50.46000,50.75000,50.15000,50.46000,1867900
2016-11-09,49.19000,53.09000,49.05000,53.01000,7569500
2016-11-10,53.00000,53.15000,51.00000,52.18000,10527700
2016-11-11,52.02000,52.91000,51.54000,52.54000,3596300
2016-11-14,51.87000,53.91000,51.87000,52.92000,6746800
2016-11-15,52.94000,53.62000,52.41000,53.46000,4366200
2016-11-16,52.64000,52.94000,52.13000,52.73000,4223300
2016-11-17,52.62000,53.51000,52.49000,53.39000,2805800
2016-11-18,53.13000,53.75000,53.09000,53.59000,1768400
2016-11-21,53.50000,53.97000,53.10000,53.72000,3442200
2016-11-22,53.65000,54.66000,53.65000,54.24000,3741100
2016-11-23,54.19000,54.69000,53.30000,54.34000,4273300
2016-11-25,54.30000,54.93000,54.12000,54.59000,1381000
2016-11-28,54.68000,55.03000,54.02000,54.98000,4237000
2016-11-29,54.98000,55.84000,54.78000,55.39000,3816900
2016-11-30,55.46000,56.09000,54.21000,54.21000,5207000
2016-12-01,54.11000,54.53000,53.78000,54.26000,4413900
2016-12-02,54.62000,54.82000,53.83000,54.44000,3087900
2016-12-05,54.60000,55.20000,54.55000,55.02000,1999300
2016-12-06,55.02000,56.69000,54.52000,55.99000,7616300
2016-12-07,56.69000,58.47000,55.95000,58.39000,7594000
2016-12-08,58.40000,59.19000,57.98000,58.55000,4155800
2016-12-09,58.58000,58.65000,56.59000,56.74000,3406200
2016-12-12,56.65000,56.80000,55.87000,56.13000,4155700
2016-12-13,56.56000,57.08000,56.43000,56.65000,3327200
2016-12-14,56.75000,57.18000,56.25000,56.55000,3298300
2016-12-15,56.85000,57.75000,56.31000,57.25000,3231800
2016-12-16,57.53000,57.66000,56.63000,57.01000,3430900
2016-12-19,57.23000,58.25000,57.05000,57.80000,1926700
2016-12-20,57.82000,58.30000,57.80000,58.06000,1410400
2016-12-21,58.48000,58.48000,57.72000,57.82000,1618100
2016-12-22,58.42000,58.42000,57.46000,58.08000,1103600
2016-12-23,57.76000,58.31000,57.60000,58.02000,1184200
2016-12-27,58.10000,58.55000,58.03000,58.32000,1609400
2016-12-28,58.43000,58.43000,57.95000,58.00000,1392500
2016-12-29,58.07000,58.69000,57.96000,58.05000,1671900
2016-12-30,57.86000,58.01000,57.08000,57.51000,2119800
2017-01-03,58.10000,58.91000,57.75000,58.32000,3004100
2017-01-04,58.36000,59.46000,58.04000,58.82000,5540600
2017-01-05,58.77000,59.42000,57.08000,57.61000,5427200
2017-01-06,57.87000,58.14000,56.64000,56.77000,4776100
2017-01-09,56.57000,56.99000,56.27000,56.67000,3329700
2017-01-10,55.72000,58.84000,55.30000,58.74000,5457800
2017-01-11,58.54000,58.94000,57.28000,57.46000,4718200
2017-01-12,57.40000,57.50000,56.57000,57.15000,2286300
2017-01-13,57.25000,57.85000,56.69000,57.19000,1973700
2017-01-17,57.25000,58.14000,56.89000,57.05000,4114900
2017-01-18,57.54000,58.85000,57.39000,58.66000,5317500
2017-01-19,58.52000,60.64000,58.44000,60.07000,6036400
2017-01-20,60.54000,60.73000,59.51000,59.62000,3911100
2017-01-23,60.77000,60.86000,60.11000,60.24000,3560500
2017-01-24,60.01000,60.57000,59.62000,60.22000,3903000
2017-01-25,60.20000,60.99000,59.84000,60.74000,4003100
2017-01-26,61.11000,63.64000,61.10000,63.37000,12440100
2017-01-27,63.68000,63.68000,61.68000,62.42000,6294900
2017-01-30,61.91000,62.08000,60.59000,61.13000,5359500
2017-01-31,61.25000,62.62000,61.19000,62.27000,4502200
2017-02-01,62.26000,63.65000,62.24000,63.26000,8937500
2017-02-02,62.89000,62.96000,60.42000,61.15000,6004400
2017-02-03,61.25000,61.71000,60.81000,61.36000,5141000
2017-02-06,61.13000,61.38000,60.89000,60.96000,3761900
2017-02-07,61.03000,62.05000,60.61000,61.89000,3369800
2017-02-08,61.50000,62.62000,61.33000,61.89000,5555100
2017-02-09,61.71000,62.42000,61.71000,62.25000,3171500
2017-02-10,62.16000,62.54000,61.40000,62.39000,3829700
2017-02-13,60.59000,61.00000,60.03000,60.90000,11670100
2017-02-14,61.24000,62.84000,59.51000,61.60000,17976400
2017-02-15,61.47000,61.80000,60.73000,61.30000,9362400
2017-02-16,61.19000,61.40000,60.32000,60.61000,3852100
2017-02-17,60.54000,65.41000,59.89000,63.92000,13430300
2017-02-21,63.41000,63.61000,62.33000,63.20000,5579100
2017-02-22,63.27000,63.47000,62.62000,63.08000,2655100
2017-02-23,63.22000,63.35000,61.95000,62.07000,5342200
2017-02-24,62.10000,62.58000,61.72000,62.21000,4570800
2017-02-27,61.31000,62.18000,60.79000,62.17000,6179800
2017-02-28,62.25000,62.89000,61.70000,62.53000,4297900
2017-03-01,62.66000,62.97000,62.19000,62.34000,3777300
2017-03-02,62.20000,62.86000,61.67000,62.54000,3688100
2017-03-03,62.22000,63.61000,62.00000,63.56000,4355200
2017-03-06,63.16000,63.50000,62.51000,62.84000,3363700
2017-03-07,62.53000,62.87000,61.38000,61.63000,3738800
2017-03-08,61.42000,62.20000,61.36000,61.41000,4697200
2017-03-09,61.48000,61.68000,60.83000,61.14000,6050300
2017-03-10,61.58000,61.87000,60.88000,61.48000,4446000
2017-03-13,61.51000,61.98000,61.12000,61.84000,3604200
2017-03-14,61.80000,62.04000,61.14000,61.35000,2309600
2017-03-15,61.61000,63.08000,61.44000,62.99000,5470700
2017-03-16,63.09000,63.19000,62.07000,62.39000,2882700
2017-03-17,62.99000,63.79000,62.65000,63.50000,4563000
2017-03-20,63.39000,63.55000,62.75000,63.11000,2092700
2017-03-21,62.98000,63.43000,62.34000,62.47000,3416400
2017-03-22,62.68000,63.58000,62.49000,63.27000,4034500
2017-03-23,63.14000,63.70000,62.89000,63.12000,2169100
2017-03-24,63.54000,64.76000,63.26000,64.17000,4322700
2017-03-27,63.92000,64.28000,63.65000,64.22000,2596000
2017-03-28,64.00000,64.42000,63.64000,64.23000,3404100
2017-03-29,64.39000,65.08000,63.97000,64.74000,3681700
2017-03-30,64.75000,65.21000,64.29000,65.13000,2953600
2017-03-31,64.95000,65.35000,64.18000,64.59000,4431800
2017-04-03,64.20000,64.32000,62.97000,63.55000,4087700
2017-04-04,63.32000,63.94000,63.26000,63.68000,2605300
2017-04-05,63.76000,64.00000,63.38000,63.50000,2957800
2017-04-06,62.35000,63.33000,62.22000,63.24000,6160000
2017-04-07,63.27000,64.15000,63.14000,63.58000,2507400
2017-04-10,63.89000,64.26000,62.38000,63.89000,2386200
2017-04-11,63.84000,64.02000,63.45000,63.93000,2524400
2017-04-12,63.77000,64.00000,63.50000,63.92000,1549200
2017-04-13,64.15000,64.36000,63.70000,64.04000,2275300
2017-04-17,64.50000,64.97000,64.21000,64.94000,2387800
2017-04-18,64.82000,65.33000,64.58000,64.61000,1977800
2017-04-19,65.05000,65.51000,64.82000,65.13000,3405600
2017-04-20,65.21000,65.41000,64.78000,64.81000,2612100
2017-04-21,65.24000,65.24000,64.53000,64.70000,4858300
2017-04-24,65.03000,65.97000,64.97000,65.93000,5564500
2017-04-25,66.00000,67.45000,65.26000,67.35000,6728300
2017-04-26,67.69000,67.76000,67.14000,67.58000,4727300
2017-04-27,67.66000,68.19000,67.50000,67.74000,2909600
2017-04-28,67.79000,67.87000,66.97000,67.27000,3814200
2017-05-01,67.83000,68.40000,67.45000,68.31000,4259200
2017-05-02,68.56000,68.88000,66.57000,66.94000,3769200
2017-05-03,66.82000,67.14000,65.09000,65.35000,6369400
2017-05-04,65.48000,65.63000,64.91000,65.48000,3368600
2017-05-05,65.79000,66.49000,65.32000,66.49000,2707300
2017-05-08,66.84000,67.07000,65.83000,66.15000,3889700
2017-05-09,65.98000,66.06000,65.16000,65.50000,3383500
2017-05-10,66.94000,67.63000,65.94000,66.00000,6144600
2017-05-11,66.06000,66.31000,65.17000,65.81000,3044700
2017-05-12,66.83000,66.87000,65.25000,65.55000,3731400
2017-05-15,65.61000,65.85000,65.01000,65.69000,3484100
2017-05-16,65.65000,66.28000,65.50000,65.91000,3436900
2017-05-17,65.44000,66.44000,63.81000,63.91000,6304700
2017-05-18,63.75000,66.27000,63.63000,65.72000,4936300
2017-05-19,66.71000,67.07000,66.00000,66.37000,4974200
2017-05-22,66.33000,67.24000,66.25000,67.22000,2736500
2017-05-23,67.53000,67.88000,67.10000,67.62000,2099500
2017-05-24,67.82000,67.94000,67.05000,67.89000,2483900
2017-05-25,67.83000,68.44000,67.72000,67.86000,2221100
2017-05-26,67.88000,68.05000,67.52000,67.80000,3631300
2017-05-30,67.61000,68.08000,66.95000,67.08000,2841900
2017-05-31,67.08000,67.56000,66.78000,67.42000,5185700
2017-06-01,67.42000,67.93000,66.98000,67.90000,1979500
2017-06-02,67.93000,68.42000,67.77000,68.32000,1853700
2017-06-05,68.31000,68.50000,67.29000,67.40000,3597400
2017-06-06,67.20000,67.49000,66.03000,66.11000,4351900
2017-06-07,66.35000,66.43000,65.50000,65.92000,3027200
2017-06-08,66.04000,66.25000,65.00000,65.69000,5033400
2017-06-09,65.71000,65.71000,62.75000,63.84000,6337100
2017-06-12,63.56000,64.78000,63.52000,64.67000,3534500
2017-06-13,64.76000,65.10000,63.70000,64.01000,4712800
2017-06-14,63.91000,64.10000,62.85000,63.27000,2986500
2017-06-15,62.77000,63.73000,62.46000,63.60000,3883400
2017-06-16,63.27000,63.81000,62.47000,63.13000,7437700
2017-06-19,63.60000,64.03000,63.30000,64.01000,2978100
2017-06-20,63.80000,64.53000,62.76000,63.98000,6227700
2017-06-21,63.85000,64.05000,63.25000,63.57000,3203500
2017-06-22,63.63000,63.96000,63.26000,63.56000,4180700
2017-06-23,63.48000,63.81000,63.34000,63.40000,2086300
2017-06-26,63.60000,63.79000,63.12000,63.15000,1595200
2017-06-27,61.25000,62.54000,60.72000,61.01000,10267300
2017-06-28,61.01000,61.54000,60.84000,61.48000,3170600
2017-06-29,61.19000,61.26000,59.59000,60.30000,7212600
2017-06-30,60.88000,61.00000,59.94000,60.62000,4814300
2017-07-03,60.74000,60.85000,59.90000,60.00000,1637400
2017-07-05,59.88000,60.32000,59.38000,59.95000,6285900
2017-07-06,59.56000,59.89000,59.13000,59.45000,5596100
2017-07-07,59.45000,60.16000,59.26000,60.01000,3266700
2017-07-10,60.07000,60.89000,59.69000,60.80000,4361100
2017-07-11,60.74000,61.47000,60.67000,61.23000,3263400
2017-07-12,61.70000,61.88000,60.89000,61.51000,3055100
2017-07-13,61.50000,61.73000,60.75000,60.91000,2416000
2017-07-14,61.21000,61.72000,60.62000,61.24000,4904800
2017-07-17,61.04000,61.74000,60.75000,61.38000,3312500
2017-07-18,61.61000,61.75000,60.91000,61.39000,4499400
2017-07-19,61.51000,62.08000,61.13000,61.97000,6824500
2017-07-20,63.85000,64.03000,61.08000,61.12000,13594500
2017-07-21,61.28000,62.73000,61.08000,62.58000,6980100
2017-07-24,62.39000,63.06000,62.25000,62.53000,3706800
2017-07-25,62.50000,62.82000,62.25000,62.36000,3985400
2017-07-26,62.34000,62.88000,62.29000,62.39000,2756000
2017-07-27,62.39000,62.75000,61.43000,61.62000,3206400
2017-07-28,61.41000,61.85000,61.11000,61.78000,2809800
2017-07-31,62.25000,62.51000,61.09000,61.66000,3989000
2017-08-01,62.10000,63.47000,61.61000,63.07000,5531100
2017-08-02,63.22000,63.73000,62.75000,63.63000,3658500
2017-08-03,63.72000,63.93000,63.15000,63.73000,3527700
2017-08-04,63.94000,64.53000,63.56000,64.52000,3563600
2017-08-07,64.85000,65.00000,64.15000,64.26000,3637300
2017-08-08,64.04000,64.37000,63.65000,63.90000,1880500
2017-08-09,63.63000,63.95000,63.19000,63.80000,2145000
2017-08-10,63.31000,63.94000,62.12000,62.47000,3092500
2017-08-11,62.45000,63.65000,62.24000,63.61000,2464400
2017-08-14,64.19000,64.19000,63.67000,63.78000,2455400
2017-08-15,63.79000,64.00000,63.41000,63.88000,2654400
2017-08-16,63.75000,64.48000,63.55000,64.28000,2034800
2017-08-17,64.00000,64.12000,62.98000,62.99000,2459900
2017-08-18,62.87000,63.47000,62.71000,63.00000,1419600
2017-08-21,63.49000,63.49000,62.56000,62.83000,2141400
2017-08-22,63.21000,64.50000,63.05000,64.38000,2432100
2017-08-23,64.20000,64.36000,63.88000,64.00000,1721500
2017-08-24,63.96000,64.32000,63.73000,63.97000,2115700
2017-08-25,64.12000,64.45000,63.72000,63.74000,2316800
2017-08-28,64.00000,64.00000,63.57000,63.72000,1200000
2017-08-29,63.31000,63.74000,63.08000,63.47000,1266800
2017-08-30,63.47000,64.37000,63.43000,64.25000,1437400
2017-08-31,64.25000,64.76000,64.15000,64.71000,2777600
2017-09-01,64.78000,64.86000,64.04000,64.16000,1496900
2017-09-05,64.17000,64.46000,63.27000,63.64000,2168100
2017-09-06,63.81000,64.15000,63.14000,63.79000,2774800
2017-09-07,64.01000,64.16000,63.14000,63.34000,1785800
2017-09-08,63.40000,63.54000,62.59000,62.74000,2236300
2017-09-11,63.16000,63.50000,62.76000,63.03000,2263800
2017-09-12,63.01000,63.76000,62.59000,62.98000,1504500
2017-09-13,62.93000,63.43000,62.59000,62.80000,2410800
2017-09-14,62.47000,62.61000,61.08000,61.17000,4864000
2017-09-15,61.33000,61.89000,60.73000,61.17000,5597600
2017-09-18,60.95000,61.99000,60.75000,61.80000,4757000
2017-09-19,62.01000,65.46000,61.33000,65.42000,11735700
2017-09-20,65.32000,65.47000,63.09000,63.52000,4549300
2017-09-21,63.74000,63.99000,63.22000,63.39000,1961700
2017-09-22,63.85000,64.53000,63.41000,64.06000,6631100
2017-09-25,64.11000,64.47000,62.80000,62.89000,5985000
2017-09-26,63.06000,63.36000,62.77000,63.03000,2949200
2017-09-27,62.74000,63.17000,62.38000,62.39000,3848800
2017-09-28,62.12000,62.25000,61.69000,61.92000,4341600
2017-09-29,62.13000,62.44000,61.40000,61.66000,4975700
2017-10-02,61.34000,61.78000,61.07000,61.52000,3516700
2017-10-03,61.56000,61.99000,61.40000,61.68000,3966800
2017-10-04,61.42000,62.25000,61.28000,61.50000,5695500
2017-10-05,61.51000,62.09000,61.32000,61.52000,3944200
2017-10-06,61.63000,62.63000,61.60000,62.41000,4124800
2017-10-09,62.31000,62.61000,61.18000,61.56000,3148400
2017-10-10,61.69000,61.78000,61.11000,61.23000,3251900
2017-10-11,61.15000,61.74000,59.42000,61.18000,4411100
2017-10-12,61.07000,61.67000,60.71000,61.28000,2506600
2017-10-13,61.29000,61.55000,60.74000,61.39000,2389400
2017-10-16,61.52000,61.65000,60.90000,60.97000,1489400
2017-10-17,60.93000,61.04000,60.56000,60.94000,1318800
2017-10-18,60.87000,60.91000,60.25000,60.68000,3115500
2017-10-19,60.44000,61.97000,60.31000,61.51000,4448500
2017-10-20,61.97000,61.98000,60.28000,60.46000,3795400
2017-10-23,61.10000,62.00000,60.30000,61.47000,6758900
2017-10-24,61.74000,62.40000,61.54000,62.28000,3645100
2017-10-25,61.95000,62.26000,61.37000,61.93000,4066700
2017-10-26,62.18000,62.32000,61.51000,61.73000,2838800
2017-10-27,61.47000,63.00000,61.47000,62.95000,3084600
2017-10-30,62.67000,63.08000,59.21000,59.58000,14267500
2017-10-31,59.64000,60.25000,59.32000,59.77000,7361300
2017-11-01,60.14000,60.40000,59.36000,59.75000,3352000
2017-11-02,59.76000,60.11000,58.13000,58.30000,5884400
2017-11-03,59.01000,59.44000,58.58000,58.91000,4097600
2017-11-06,56.20000,56.50000,54.93000,55.54000,16985500
2017-11-07,55.78000,56.03000,54.60000,55.36000,8785400
2017-11-08,55.36000,56.42000,55.24000,56.22000,5981000
2017-11-09,56.50000,56.57000,55.63000,56.00000,5205000
2017-11-10,55.69000,57.04000,55.54000,56.80000,5758300
2017-11-13,56.80000,56.89000,55.91000,56.44000,4429100
2017-11-14,56.39000,56.96000,55.96000,56.54000,5035300
2017-11-15,56.80000,56.99000,56.18000,56.69000,3709900
2017-11-16,56.81000,59.98000,56.81000,59.80000,10397700
2017-11-17,59.55000,60.07000,58.96000,60.02000,7147600
2017-11-20,59.75000,60.45000,59.58000,60.30000,4225100
2017-11-21,61.10000,61.25000,60.23000,60.41000,5170200
2017-11-22,60.41000,61.43000,60.41000,61.35000,6643000
2017-11-24,60.81000,62.09000,60.75000,61.68000,2129200
2017-11-27,62.20000,62.93000,61.29000,62.78000,5123600
2017-11-28,62.34000,62.41000,61.00000,61.38000,5690600
2017-11-29,61.56000,62.66000,61.42000,61.83000,4090400
2017-11-30,61.89000,62.40000,60.75000,61.07000,7164100
2017-12-01,60.35000,61.26000,60.15000,60.90000,4973500
2017-12-04,61.20000,61.78000,60.20000,60.24000,3902900
2017-12-05,60.50000,61.34000,60.30000,60.96000,3634900
2017-12-06,60.53000,62.25000,59.96000,62.12000,5145800
2017-12-07,61.58000,62.92000,61.40000,61.92000,4623000
2017-12-08,62.47000,62.98000,62.34000,62.54000,3715000
2017-12-11,62.56000,63.47000,62.56000,63.07000,3366700
2017-12-12,63.05000,63.94000,63.05000,63.48000,3608400
2017-12-13,63.74000,64.47000,63.65000,63.83000,6759300
2017-12-14,64.05000,64.05000,62.38000,62.56000,7010800
2017-12-15,62.47000,63.48000,62.15000,62.66000,6584800
2017-12-18,62.67000,63.63000,62.58000,63.47000,3382300
2017-12-19,63.52000,64.64000,63.49000,63.64000,5714400
2017-12-20,63.92000,64.00000,62.80000,62.90000,5545400
2017-12-21,63.35000,63.67000,63.11000,63.52000,3035900
2017-12-22,63.49000,63.84000,63.23000,63.62000,2313500
2017-12-26,62.95000,64.12000,62.93000,63.79000,1518000
2017-12-27,64.01000,64.20000,63.71000,64.11000,1958700
2017-12-28,64.24000,64.64000,64.06000,64.35000,1597200
2017-12-29,64.10000,64.43000,63.46000,63.51000,1844100
2018-01-02,63.90000,64.52000,63.54000,64.04000,2192400
2018-01-03,63.89000,64.13000,63.25000,63.61000,2610800
2018-01-04,63.89000,64.00000,62.88000,63.00000,2384400
2018-01-05,63.54000,64.81000,63.12000,64.60000,3292600
2018-01-08,64.46000,65.98000,64.31000,65.10000,3606000
2018-01-09,66.00000,66.52000,65.52000,65.60000,5334400
2018-01-10,65.18000,65.19000,63.61000,63.89000,3597000
2018-01-11,63.94000,64.19000,63.23000,63.84000,3149100
2018-01-12,64.16000,64.26000,63.51000,63.68000,3165200
2018-01-16,64.14000,64.14000,62.56000,62.97000,4669900
2018-01-17,63.40000,64.45000,62.93000,63.76000,2925600
2018-01-18,63.84000,64.08000,62.44000,62.88000,4088700
2018-01-19,62.75000,63.83000,62.75000,63.71000,4768300
2018-01-22,63.75000,63.99000,63.48000,63.94000,2390300
2018-01-23,64.02000,64.80000,63.66000,64.53000,2872400
2018-01-24,64.59000,65.34000,64.55000,65.00000,2894300
2018-01-25,65.40000,65.45000,64.33000,64.39000,2798500
2018-01-26,64.60000,65.40000,64.40000,65.28000,2028400
2018-01-29,64.75000,64.97000,64.35000,64.60000,2553600
2018-01-30,64.80000,64.97000,64.39000,64.76000,2017700
2018-01-31,64.54000,65.32000,64.27000,65.10000,2164900
2018-02-01,64.70000,65.11000,63.55000,63.79000,4258500
2018-02-02,63.84000,64.32000,63.32000,63.59000,2647200
2018-02-05,63.46000,63.81000,61.53000,61.54000,3489600
2018-02-06,60.03000,61.98000,60.00000,60.85000,5740600
2018-02-07,60.96000,62.91000,60.96000,62.06000,7319300
2018-02-08,61.00000,62.50000,58.86000,58.88000,8031400
2018-02-09,60.10000,60.45000,57.65000,59.20000,5150900
2018-02-12,59.66000,60.06000,58.07000,58.12000,4816100
2018-02-13,57.68000,58.28000,57.22000,57.69000,5378600
2018-02-14,57.35000,58.80000,57.06000,58.62000,6498600
2018-02-15,59.32000,60.61000,58.19000,60.44000,6213400
2018-02-16,60.63000,60.87000,59.79000,60.06000,4812000
2018-02-20,60.00000,60.83000,59.66000,60.51000,3059000
2018-02-21,61.09000,61.09000,59.39000,59.42000,2973800
2018-02-22,59.75000,59.98000,58.59000,58.73000,3066000
2018-02-23,59.39000,60.08000,58.64000,60.06000,4079700
2018-02-26,60.00000,61.15000,58.74000,61.11000,4472100
2018-02-27,61.04000,61.17000,59.93000,59.94000,4245400
2018-02-28,60.52000,61.39000,59.96000,60.61000,4176200
2018-03-01,60.78000,62.40000,60.48000,61.90000,5373200
2018-03-02,61.58000,62.67000,61.28000,62.47000,5207900
2018-03-05,62.01000,63.12000,62.01000,62.95000,3381000
2018-03-06,63.30000,63.91000,62.65000,63.56000,3791900
2018-03-07,63.57000,65.00000,63.21000,64.56000,6485500
2018-03-08,65.00000,65.28000,64.25000,65.06000,2847200
2018-03-09,65.30000,65.78000,65.12000,65.25000,3644000
2018-03-12,65.51000,65.73000,64.43000,64.55000,2965200
2018-03-13,65.51000,65.73000,64.43000,64.98000,4421100
2018-03-14,65.23000,65.64000,64.50000,64.78000,3283600
2018-03-15,64.71000,65.52000,64.61000,64.71000,2679300
2018-03-16,64.44000,65.00000,64.36000,64.76000,6054700
2018-03-19,64.68000,64.86000,63.05000,63.22000,3690300
2018-03-20,63.32000,64.11000,62.69000,62.78000,2547800
2018-03-21,62.60000,63.21000,62.52000,62.59000,2577400
2018-03-22,61.84000,62.07000,61.21000,61.25000,4103500
2018-03-23,61.42000,61.77000,59.73000,59.74000,5137700
2018-03-26,60.70000,61.63000,60.18000,61.39000,3395300
2018-03-27,61.66000,62.02000,60.08000,60.34000,2462600
2018-03-28,60.55000,61.71000,60.36000,60.87000,2589700
2018-03-29,60.95000,61.29000,60.41000,61.04000,2703100
2018-04-02,60.40000,60.83000,59.29000,59.62000,2595100
2018-04-03,60.06000,60.18000,59.29000,59.59000,3168800
2018-04-04,59.05000,60.09000,58.91000,59.75000,5541600
2018-04-05,60.13000,60.45000,59.50000,59.81000,5461300
2018-04-06,59.50000,60.30000,59.35000,59.65000,3581500
2018-04-09,59.77000,60.41000,59.69000,59.74000,4183000
2018-04-10,60.38000,64.56000,60.20000,63.13000,19873000
2018-04-11,62.72000,63.61000,62.71000,62.92000,4766900
2018-04-12,63.09000,63.48000,62.93000,63.02000,2380600
2018-04-13,63.13000,63.20000,61.79000,61.95000,2670000
2018-04-16,62.35000,63.04000,61.81000,62.75000,1947200
2018-04-17,63.00000,63.63000,62.57000,63.02000,2957000
2018-04-18,63.08000,63.36000,62.59000,62.90000,2606400
2018-04-19,62.65000,63.61000,62.65000,63.25000,2826000
2018-04-20,63.27000,63.57000,62.93000,63.09000,2829200
2018-04-23,63.15000,63.36000,62.15000,62.29000,2649300
2018-04-24,62.82000,62.98000,62.10000,62.58000,2560300
2018-04-25,62.48000,64.32000,62.32000,63.93000,5405900
2018-04-26,63.87000,64.38000,63.44000,64.10000,3595000
2018-04-27,64.35000,65.68000,63.99000,64.52000,8920000
2018-04-30,62.79000,62.99000,59.29000,60.51000,26172000
2018-05-01,60.77000,61.19000,58.17000,59.43000,12400700
2018-05-02,59.81000,60.20000,55.55000,56.97000,14930700
2018-05-03,56.64000,57.08000,55.09000,55.92000,10742200
2018-05-04,55.87000,57.74000,55.83000,57.26000,6230600
2018-05-07,57.32000,58.00000,56.03000,56.54000,6202000
2018-05-08,56.70000,56.94000,55.43000,55.58000,4802000
2018-05-09,55.90000,56.43000,55.57000,56.32000,5059200
2018-05-10,56.17000,57.29000,56.17000,56.85000,5527500
2018-05-11,57.05000,57.34000,56.24000,56.39000,2774300
2018-05-14,56.39000,56.66000,56.12000,56.46000,3771800
2018-05-15,56.06000,57.03000,56.00000,56.37000,2919400
2018-05-16,56.88000,56.90000,56.26000,56.53000,2904500
2018-05-17,56.52000,56.77000,56.40000,56.68000,2478300
2018-05-18,56.75000,57.50000,56.51000,56.93000,4025700
2018-05-21,57.19000,57.32000,56.56000,57.19000,2009200
2018-05-22,57.36000,57.60000,56.91000,57.18000,2752400
2018-05-23,56.94000,57.28000,56.46000,57.02000,2770600
2018-05-24,57.16000,57.37000,56.86000,56.98000,2548900
2018-05-25,57.10000,57.22000,56.58000,56.59000,2051400
2018-05-29,56.36000,57.15000,55.98000,56.62000,2997800
2018-05-30,56.66000,57.06000,56.20000,56.33000,4615900
2018-05-31,56.23000,56.26000,55.23000,55.70000,5888600
2018-06-01,56.00000,57.05000,55.90000,56.87000,3314900
2018-06-04,56.80000,57.44000,56.62000,57.12000,3642300
2018-06-05,56.91000,57.59000,56.88000,57.16000,1787300
2018-06-06,57.34000,57.63000,56.90000,57.60000,2853500
2018-06-07,57.50000,58.20000,57.50000,57.82000,3849600
2018-06-08,57.33000,57.97000,56.98000,57.80000,2491500
2018-06-11,57.60000,58.18000,57.41000,57.99000,2509400
2018-06-12,57.91000,58.23000,57.76000,58.09000,1968600
2018-06-13,59.00000,59.09000,58.38000,58.68000,6181700
2018-06-14,58.81000,59.70000,58.60000,59.53000,3081300
2018-06-15,59.63000,60.08000,59.37000,60.01000,3696200
2018-06-18,59.65000,60.47000,59.23000,60.36000,4088300
2018-06-19,59.79000,60.88000,59.43000,60.54000,3649800
2018-06-20,60.65000,60.73000,60.07000,60.34000,4565900
2018-06-21,60.24000,60.70000,59.46000,60.00000,3008400
2018-06-22,60.33000,61.16000,60.07000,60.79000,3424400
2018-06-25,60.53000,60.90000,59.47000,59.73000,4397300
2018-06-26,59.71000,59.76000,58.82000,59.70000,3546400
2018-06-27,59.58000,60.47000,59.18000,59.34000,2475600
2018-06-28,59.94000,60.20000,58.68000,59.86000,4024500
2018-06-29,59.88000,60.04000,59.47000,59.75000,2433800
2018-07-02,59.46000,59.96000,59.04000,59.91000,2217800
2018-07-03,59.68000,59.86000,58.91000,59.14000,3121600
2018-07-05,59.45000,60.12000,59.21000,60.06000,3348200
2018-07-06,60.07000,61.37000,59.90000,61.14000,2928200
2018-07-09,61.00000,61.61000,60.65000,61.34000,2788700
2018-07-10,61.42000,61.51000,60.98000,61.18000,1502200
2018-07-11,60.29000,60.96000,59.81000,60.18000,2473600
2018-07-12,60.28000,61.62000,60.01000,61.58000,3631300
2018-07-13,61.24000,61.81000,60.97000,61.68000,3079300
2018-07-16,61.51000,62.09000,61.51000,61.63000,1695100
2018-07-17,61.44000,61.99000,61.10000,61.21000,1779700
2018-07-18,61.42000,61.49000,60.49000,60.52000,1916800
2018-07-19,60.26000,60.38000,59.23000,59.41000,2738600
2018-07-20,59.41000,59.61000,59.07000,59.25000,2102600
2018-07-23,59.13000,59.23000,58.32000,58.36000,2462100
2018-07-24,58.48000,59.10000,57.89000,58.78000,2519700
2018-07-25,58.78000,59.32000,58.51000,58.83000,2194900
2018-07-26,59.10000,59.80000,58.89000,59.37000,2548000
2018-07-27,59.47000,60.67000,59.29000,59.61000,2325100
2018-07-30,59.50000,60.74000,59.50000,59.82000,2324200
2018-07-31,59.87000,60.20000,59.48000,60.00000,2495700
2018-08-01,59.95000,60.17000,59.14000,59.36000,4099300
2018-08-02,61.11000,62.24000,60.00000,62.18000,6327000
2018-08-03,61.11000,62.26000,61.11000,61.55000,2603300
2018-08-06,61.59000,66.40000,61.58000,66.30000,14881000
2018-08-07,66.31000,66.34000,65.13000,65.33000,4777600
2018-08-08,65.31000,65.65000,64.46000,65.50000,3106500
2018-08-09,65.52000,65.74000,64.84000,64.97000,2317500
2018-08-10,64.64000,65.20000,64.06000,64.98000,2241600
2018-08-13,64.94000,65.80000,64.53000,65.70000,3222200
2018-08-14,65.78000,66.44000,65.66000,65.96000,3311900
2018-08-15,65.52000,65.90000,65.04000,65.41000,2408500
2018-08-16,65.68000,66.21000,65.55000,65.98000,2549400
2018-08-17,65.87000,66.06000,65.55000,65.90000,3088400
2018-08-20,65.74000,66.24000,65.50000,65.84000,2621400
2018-08-21,65.77000,66.64000,65.77000,66.51000,1973900
2018-08-22,66.28000,66.41000,65.52000,65.81000,1750200
2018-08-23,65.50000,65.90000,65.18000,65.21000,1564500
2018-08-24,65.45000,65.93000,65.17000,65.41000,1945600
2018-08-27,65.20000,65.94000,65.20000,65.80000,1629300
2018-08-28,65.85000,66.09000,65.41000,65.59000,1697800
2018-08-29,65.74000,66.49000,65.51000,65.98000,2411700
2018-08-30,65.57000,66.36000,65.33000,66.01000,1965700
2018-08-31,66.13000,66.38000,65.70000,66.04000,2375200
2018-09-04,65.74000,66.30000,65.53000,65.77000,2103900
2018-09-05,65.63000,66.03000,65.43000,65.71000,3141100
2018-09-06,65.50000,65.96000,65.37000,65.52000,2277400
2018-09-07,65.33000,65.64000,64.07000,64.39000,2843100
2018-09-10,64.98000,65.80000,64.59000,65.56000,2171600
2018-09-11,65.56000,66.02000,65.24000,65.91000,1375400
2018-09-12,66.00000,68.32000,65.62000,67.92000,5019900
2018-09-13,68.00000,68.71000,67.37000,68.48000,3797300
2018-09-14,68.58000,68.65000,67.90000,68.25000,3161700
2018-09-17,68.03000,68.18000,67.32000,67.42000,2757300
2018-09-18,67.43000,68.58000,67.08000,68.49000,4113100
2018-09-19,68.61000,68.87000,67.72000,68.35000,2847100
2018-09-20,68.78000,69.15000,68.34000,69.13000,1875200
2018-09-21,69.34000,69.77000,68.89000,69.07000,4046100
2018-09-24,68.70000,69.34000,68.50000,68.92000,2749300
2018-09-25,69.51000,69.55000,68.56000,69.45000,2610800
2018-09-26,69.47000,69.49000,68.69000,68.79000,2577700
2018-09-27,69.08000,70.63000,68.87000,70.49000,3661000
2018-09-28,70.45000,70.88000,69.98000,70.18000,3703800
2018-10-01,70.71000,70.94000,69.97000,70.25000,2684400
2018-10-02,70.16000,70.58000,69.57000,69.72000,2272300
2018-10-03,69.82000,69.98000,68.75000,68.98000,5562000
2018-10-04,68.53000,68.99000,68.26000,68.95000,2890600
2018-10-05,68.95000,69.73000,68.12000,68.59000,2933600
2018-10-08,68.59000,69.24000,68.03000,68.82000,3656400
2018-10-09,68.77000,69.35000,68.24000,68.46000,3237200
2018-10-10,68.54000,69.05000,66.55000,66.63000,6295500
2018-10-11,66.75000,67.71000,66.01000,66.21000,5098300
2018-10-12,67.27000,68.60000,66.84000,68.38000,3870600
2018-10-15,68.12000,68.66000,67.58000,67.62000,3014000
2018-10-16,67.68000,69.13000,67.56000,68.94000,2422300
2018-10-17,68.96000,69.66000,68.58000,69.08000,2662700
2018-10-18,69.23000,69.69000,68.33000,68.77000,2954400
2018-10-19,69.53000,70.14000,69.21000,69.75000,4744300
2018-10-22,69.85000,70.21000,69.42000,69.51000,2647300
2018-10-23,69.08000,69.77000,67.79000,69.28000,3113000
2018-10-24,69.05000,69.37000,65.59000,65.71000,5758800
2018-10-25,66.34000,67.00000,65.10000,66.32000,6795200
2018-10-26,64.55000,65.56000,64.28000,65.11000,7111300
2018-10-29,66.14000,66.66000,63.48000,64.91000,4654800
2018-10-30,64.53000,65.49000,63.61000,63.92000,6077300
2018-10-31,67.37000,69.60000,67.25000,68.55000,9212400
2018-11-01,68.96000,69.60000,68.61000,68.88000,4194700
2018-11-02,69.39000,69.45000,67.55000,68.51000,2606400
2018-11-05,68.96000,69.67000,68.57000,68.89000,2743100
2018-11-06,68.85000,69.28000,68.27000,68.77000,3891400
2018-11-07,69.24000,70.78000,69.05000,70.34000,3639600
2018-11-08,70.07000,70.75000,69.52000,69.75000,2763700
2018-11-09,69.42000,69.70000,67.98000,68.68000,2263600
2018-11-12,68.69000,69.16000,67.78000,67.89000,2471500
2018-11-13,68.54000,69.41000,68.26000,68.41000,4005100
2018-11-14,68.66000,69.22000,67.55000,68.12000,3665500
2018-11-15,67.86000,68.36000,67.55000,68.08000,2826800
2018-11-16,67.23000,69.70000,67.00000,69.14000,5257200
2018-11-19,68.53000,69.60000,67.92000,68.00000,3387500
2018-11-20,67.74000,67.78000,66.21000,66.57000,5081100
2018-11-21,66.79000,67.51000,66.63000,66.78000,3274200
2018-11-23,66.39000,67.46000,66.08000,67.07000,1215200
2018-11-26,67.76000,67.89000,67.18000,67.49000,3285100
2018-11-27,67.24000,68.12000,66.94000,67.49000,2393800
2018-11-28,67.75000,68.98000,67.51000,68.92000,3272000
2018-11-29,68.40000,68.94000,68.08000,68.68000,2814600
2018-11-30,68.88000,69.21000,68.08000,68.45000,3470700
2018-12-03,68.50000,69.02000,66.97000,67.80000,3641200
2018-12-04,67.46000,68.54000,65.47000,66.57000,5329700
2018-12-06,65.68000,67.55000,65.02000,67.30000,4899100
2018-12-07,66.68000,68.47000,65.37000,65.69000,3340800
2018-12-10,65.67000,65.96000,64.34000,65.73000,3012500
2018-12-11,66.62000,67.34000,65.44000,65.53000,2475300
2018-12-12,66.77000,67.08000,66.06000,66.10000,3279600
2018-12-13,66.21000,66.85000,65.47000,66.36000,3209600
2018-12-14,65.83000,66.69000,65.39000,65.65000,2872700
2018-12-17,65.73000,65.94000,64.28000,64.81000,3999300
2018-12-18,64.81000,65.63000,63.95000,64.78000,4068400
2018-12-19,64.64000,66.57000,64.48000,64.87000,4204100
2018-12-20,64.62000,65.31000,63.41000,64.26000,5126900
2018-12-21,64.58000,65.37000,61.70000,61.93000,7669100
2018-12-24,61.51000,61.72000,59.96000,60.80000,2581800
2018-12-26,60.92000,63.03000,59.96000,63.01000,5088100
2018-12-27,62.35000,62.66000,60.89000,62.65000,4353500
2018-12-28,62.70000,63.75000,62.61000,63.24000,4098300
2018-12-31,63.32000,63.65000,62.41000,63.61000,3112500
2019-01-02,62.87000,65.33000,62.55000,65.26000,4418600
2019-01-03,64.55000,66.24000,64.11000,65.02000,3390700
2019-01-04,65.88000,67.56000,65.55000,67.49000,5490200
2019-01-07,67.37000,68.61000,67.01000,68.44000,4786900
2019-01-08,68.67000,68.68000,67.37000,67.77000,6052700
2019-01-09,68.65000,68.67000,67.12000,67.72000,4498600
2019-01-10,67.44000,68.86000,67.22000,67.96000,3230800
2019-01-11,67.83000,69.06000,67.40000,69.00000,4177300
2019-01-14,68.41000,68.52000,67.42000,67.91000,2691000
2019-01-15,67.81000,68.56000,66.70000,67.14000,5366700
2019-01-16,67.51000,67.61000,66.38000,66.69000,3261000
2019-01-17,66.72000,66.75000,65.64000,66.25000,3357400
2019-01-18,67.11000,68.05000,66.37000,66.96000,4766500
2019-01-22,66.75000,67.19000,66.20000,66.83000,2971200
2019-01-23,66.80000,67.85000,66.57000,67.80000,1979500
2019-01-24,67.72000,68.66000,67.22000,68.66000,2849800
2019-01-25,68.93000,69.27000,68.20000,68.48000,4940400
2019-01-28,67.87000,68.49000,67.06000,67.62000,2958100
2019-01-29,67.66000,67.94000,66.63000,67.78000,2340100
2019-01-30,67.74000,68.69000,67.09000,68.32000,2318300
2019-01-31,68.41000,70.12000,68.03000,69.62000,5816100
2019-02-01,69.46000,69.78000,69.08000,69.63000,3117900
2019-02-04,69.41000,69.63000,68.88000,69.41000,1926200
2019-02-05,69.70000,69.70000,66.80000,66.85000,5001100
2019-02-06,66.80000,67.30000,66.54000,66.94000,4334500
2019-02-07,68.00000,68.46000,65.56000,68.28000,7554600
2019-02-08,67.64000,68.47000,66.95000,68.38000,4129500
2019-02-11,68.17000,69.18000,68.00000,68.44000,2644100
2019-02-12,69.00000,69.67000,68.50000,69.60000,2630700
2019-02-13,69.61000,69.96000,68.86000,69.07000,4742400
2019-02-14,69.10000,70.52000,69.01000,70.50000,3200300
2019-02-15,70.65000,72.07000,70.43000,72.05000,5711300
2019-02-19,72.01000,72.86000,71.76000,72.52000,3672800
2019-02-20,72.46000,73.08000,72.17000,72.75000,4476900
2019-02-21,72.57000,73.76000,72.39000,73.41000,4561200
2019-02-22,73.80000,74.06000,72.97000,73.20000,2522000
2019-02-25,73.37000,73.53000,72.62000,73.05000,2400400
2019-02-26,71.44000,72.97000,71.25000,72.53000,2915400
2019-02-27,72.13000,72.53000,71.77000,72.12000,2742600
2019-02-28,72.08000,72.70000,71.92000,72.21000,3072600
2019-03-01,72.39000,72.60000,71.78000,72.34000,1883600
2019-03-04,72.24000,72.34000,71.28000,71.65000,2439400
2019-03-05,71.75000,71.98000,71.28000,71.41000,1725600
2019-03-06,71.41000,71.60000,69.99000,70.78000,4375400
2019-03-07,70.62000,71.38000,70.52000,71.32000,2309300
2019-03-08,70.93000,71.25000,70.18000,70.65000,3573400
2019-03-11,70.83000,71.58000,70.41000,71.47000,2493100
2019-03-12,71.47000,72.13000,71.25000,71.70000,2773200
2019-03-13,72.12000,72.48000,71.68000,72.25000,1920400
2019-03-14,72.25000,72.44000,71.94000,72.34000,1653300
2019-03-15,72.76000,73.50000,72.10000,73.46000,2806200
2019-03-18,73.28000,73.91000,72.95000,73.68000,2945300
2019-03-19,74.00000,74.06000,72.41000,72.59000,4188100
2019-03-20,72.80000,72.93000,72.01000,72.06000,3136200
2019-03-21,72.08000,72.74000,71.99000,72.26000,2329200
2019-03-22,71.93000,72.47000,71.81000,71.90000,3265900
2019-03-25,71.85000,72.41000,71.64000,72.31000,1972400
2019-03-26,72.58000,73.36000,72.37000,73.34000,2857200
2019-03-27,73.39000,73.79000,71.96000,72.24000,4989700
2019-03-28,71.98000,72.25000,68.92000,69.15000,5866500
2019-03-29,69.33000,69.49000,68.16000,69.10000,5051900
2019-04-01,69.54000,70.04000,69.27000,69.97000,3808300
2019-04-02,69.81000,70.16000,69.22000,69.73000,3913300
2019-04-03,69.82000,70.02000,68.70000,69.00000,3077500
2019-04-04,69.08000,70.13000,69.00000,70.05000,3037100
2019-04-05,70.48000,70.75000,70.05000,70.35000,3483100
2019-04-08,70.14000,71.24000,69.77000,71.23000,4035400
2019-04-09,70.96000,71.66000,70.27000,71.42000,2866800
2019-04-10,71.55000,72.33000,71.19000,72.16000,2629900
2019-04-11,72.15000,73.01000,71.84000,73.00000,2535700
2019-04-12,73.19000,73.88000,72.87000,73.71000,2858700
2019-04-15,73.71000,73.86000,73.19000,73.79000,2194500
2019-04-16,74.00000,74.27000,73.52000,74.10000,2834500
2019-04-17,72.72000,74.31000,71.30000,72.46000,7576000
2019-04-18,73.22000,73.78000,72.57000,73.75000,2746800
2019-04-22,73.76000,73.86000,73.01000,73.72000,1912400
2019-04-23,73.56000,74.00000,73.05000,73.75000,2180400
2019-04-24,73.39000,73.87000,72.72000,73.33000,2373500
2019-04-25,72.70000,73.58000,72.51000,72.71000,3365800
2019-04-26,74.73000,74.73000,72.60000,72.92000,3561900
2019-04-29,72.94000,73.82000,72.50000,73.60000,2631300
2019-04-30,73.47000,73.74000,72.55000,72.99000,3064900
2019-05-01,73.14000,74.11000,73.04000,73.58000,2941100
2019-05-02,73.78000,73.95000,72.66000,73.61000,2269300
2019-05-03,73.71000,74.78000,73.40000,74.74000,2588800
2019-05-06,73.88000,74.51000,73.34000,74.46000,1875700
2019-05-07,73.80000,74.45000,73.54000,74.00000,2594800
2019-05-08,73.96000,73.96000,72.48000,72.63000,2849200
2019-05-09,72.30000,74.40000,72.25000,74.25000,3319800
2019-05-10,74.00000,75.32000,73.54000,75.23000,3360500
2019-05-13,74.38000,74.74000,73.25000,73.42000,3476800
2019-05-14,73.42000,73.87000,73.04000,73.60000,2987100
2019-05-15,73.37000,74.78000,73.05000,74.63000,3798200
2019-05-16,74.48000,77.13000,74.25000,75.38000,4946400
2019-05-17,75.39000,76.32000,75.02000,75.37000,3619000
2019-05-20,79.87000,80.93000,75.72000,78.29000,20102700
2019-05-21,78.16000,78.29000,76.78000,77.15000,6339000
2019-05-22,76.49000,77.13000,76.14000,76.35000,3287300
2019-05-23,76.26000,77.00000,75.25000,76.01000,3887000
2019-05-24,76.50000,77.45000,75.63000,77.27000,3579500
2019-05-28,77.55000,77.98000,75.89000,75.91000,5391300
2019-05-29,75.82000,76.65000,75.29000,76.13000,3540700
2019-05-30,76.04000,76.57000,75.02000,76.03000,4111900
2019-05-31,74.81000,75.25000,73.28000,73.44000,5147800
2019-06-03,73.62000,74.64000,73.37000,74.20000,2941000
2019-06-04,74.63000,75.74000,74.52000,75.69000,3144700
2019-06-05,75.94000,76.55000,75.67000,76.29000,1970200
2019-06-06,76.14000,76.44000,74.61000,75.95000,2671000
2019-06-07,76.55000,77.14000,76.31000,77.03000,2256600
2019-06-10,77.06000,77.38000,76.38000,76.67000,3096000
2019-06-11,77.13000,77.46000,74.63000,75.46000,3822500
2019-06-12,75.83000,75.90000,74.65000,75.38000,3296200
2019-06-13,75.17000,75.28000,74.01000,74.45000,4279700
2019-06-14,74.67000,78.00000,74.28000,74.90000,4813600
2019-06-17,75.08000,75.43000,74.54000,75.27000,2929000
2019-06-18,75.94000,77.13000,75.55000,76.44000,4995900
2019-06-19,76.34000,78.50000,76.34000,78.28000,3377800
2019-06-20,79.11000,79.26000,77.15000,77.93000,3339500
2019-06-21,77.71000,77.75000,75.20000,75.70000,5223900
2019-06-24,76.02000,76.55000,75.38000,75.54000,2123000
2019-06-25,75.47000,75.50000,74.45000,74.58000,2593900
2019-06-26,74.28000,74.40000,72.77000,73.04000,4393300
2019-06-27,73.45000,73.72000,72.92000,73.29000,2319600
2019-06-28,73.29000,74.49000,72.90000,74.14000,4117800
2019-07-01,74.67000,74.67000,73.92000,74.15000,2226100
2019-07-02,74.40000,75.78000,73.92000,75.48000,2871700
2019-07-03,75.89000,77.03000,75.60000,75.82000,2080900
2019-07-05,75.83000,76.43000,75.63000,76.23000,1318500
2019-07-08,76.37000,76.39000,75.43000,75.63000,1667300
2019-07-09,75.35000,75.83000,75.08000,75.15000,3553000
2019-07-10,77.96000,78.95000,77.57000,78.63000,14441200
2019-07-11,78.73000,78.88000,76.95000,78.26000,10108700
2019-07-12,78.20000,79.73000,78.01000,79.45000,63068400
2019-07-15,79.67000,80.00000,78.59000,79.31000,6189800
2019-07-16,79.35000,79.59000,78.83000,79.04000,5234900
2019-07-17,79.23000,79.46000,78.90000,78.93000,3238100
2019-07-18,78.78000,79.07000,77.27000,77.97000,6372500
2019-07-19,77.99000,77.99000,76.94000,77.43000,5311800
2019-07-22,77.80000,78.66000,77.27000,77.66000,4694700
2019-07-23,77.74000,78.16000,76.95000,78.14000,3507800
2019-07-24,79.20000,81.57000,78.83000,80.61000,10198400
2019-07-25,81.36000,81.41000,79.71000,79.91000,5501600
2019-07-26,81.10000,85.22000,80.95000,84.25000,12333200
2019-07-29,84.63000,84.79000,81.92000,82.38000,5858900
2019-07-30,81.70000,82.33000,81.02000,81.30000,5285000
2019-07-31,81.22000,81.65000,78.95000,79.73000,4596600
2019-08-01,79.99000,80.31000,78.77000,79.31000,4761400
2019-08-02,79.39000,79.39000,76.79000,77.73000,5428000
2019-08-05,76.85000,77.00000,75.62000,76.19000,4046200
2019-08-06,76.51000,77.32000,75.97000,77.28000,4010400
2019-08-07,76.49000,76.80000,75.27000,76.48000,3492700
2019-08-08,76.94000,78.06000,76.83000,77.90000,3023400
2019-08-09,77.60000,78.21000,77.01000,77.52000,2698600
2019-08-12,77.07000,77.61000,76.77000,76.94000,1888200
2019-08-13,76.93000,78.26000,76.78000,77.62000,2541600
2019-08-14,76.77000,77.38000,76.11000,76.93000,2900800
2019-08-15,76.47000,77.80000,76.20000,77.27000,2582100
2019-08-16,77.99000,78.25000,77.46000,77.75000,3094600
2019-08-19,78.26000,78.50000,77.72000,78.23000,1697300
2019-08-20,77.98000,78.24000,77.64000,77.68000,1856000
2019-08-21,78.07000,78.31000,77.77000,78.18000,1221500
2019-08-22,78.31000,78.42000,77.51000,77.79000,2010900
2019-08-23,77.64000,78.25000,76.12000,76.48000,2883800
2019-08-26,77.00000,78.07000,76.68000,78.06000,1735900
2019-08-27,77.70000,78.10000,77.02000,77.12000,1871900
2019-08-28,76.93000,77.37000,76.28000,77.06000,2035600
2019-08-29,77.87000,78.41000,77.40000,78.01000,1389900
2019-08-30,78.38000,78.38000,77.79000,78.05000,1701100
2019-09-03,77.90000,77.94000,77.00000,77.13000,1752700
2019-09-04,77.51000,77.84000,77.02000,77.61000,1876500
2019-09-05,78.22000,78.57000,77.56000,77.83000,1963000
2019-09-06,77.96000,79.17000,77.85000,79.15000,2930500
2019-09-09,79.33000,79.47000,78.59000,79.13000,2514400
2019-09-10,78.78000,78.78000,77.94000,78.38000,2254200
2019-09-11,78.39000,79.77000,78.21000,79.74000,2412200
2019-09-12,79.88000,80.60000,79.39000,79.69000,2005900
2019-09-13,80.09000,80.09000,79.03000,79.40000,1737700
2019-09-16,78.96000,79.64000,78.74000,79.56000,2178800
2019-09-17,79.73000,80.55000,79.06000,80.21000,2851800
2019-09-18,80.21000,80.55000,79.58000,80.12000,2200400
2019-09-19,80.72000,81.15000,80.54000,81.00000,2257200
2019-09-20,80.56000,80.85000,79.08000,80.59000,7141600
2019-09-23,80.02000,80.78000,79.81000,79.96000,2361200
2019-09-24,80.49000,80.49000,79.03000,79.36000,3631000
2019-09-25,79.53000,80.03000,78.86000,79.81000,1957600
2019-09-26,79.97000,80.01000,78.96000,79.00000,1902600
2019-09-27,79.06000,79.15000,76.77000,77.56000,3373400
2019-09-30,77.87000,79.09000,77.62000,78.77000,2191100
2019-10-01,78.88000,79.37000,78.00000,78.20000,2803500
2019-10-02,77.60000,77.97000,75.82000,76.41000,3282000
2019-10-03,76.60000,77.41000,76.02000,77.03000,2321600
2019-10-04,76.96000,78.07000,76.96000,77.99000,1838400
2019-10-07,77.63000,78.68000,77.63000,78.48000,1908200
2019-10-08,77.78000,78.14000,77.36000,77.61000,2308700
2019-10-09,78.11000,78.28000,77.31000,77.79000,1967200
2019-10-10,77.72000,78.49000,77.03000,78.30000,2393300
2019-10-11,78.66000,80.03000,78.55000,79.53000,2070000
2019-10-14,79.53000,79.53000,78.57000,78.63000,1982300
2019-10-15,78.95000,79.94000,78.80000,79.74000,1805000
2019-10-16,79.74000,80.18000,79.60000,80.01000,2261500
2019-10-17,80.45000,81.18000,79.17000,81.05000,3903800
2019-10-18,81.14000,82.33000,80.78000,81.60000,3197200
2019-10-21,81.77000,82.53000,81.71000,82.09000,2899400
2019-10-22,82.53000,82.57000,81.65000,81.67000,2141800
2019-10-23,81.44000,81.75000,81.07000,81.36000,1256200
2019-10-24,81.25000,81.63000,81.02000,81.48000,1884900
2019-10-25,81.68000,82.18000,81.51000,81.62000,2006100
2019-10-28,82.01000,83.12000,81.76000,82.39000,3054300
2019-10-29,81.24000,82.37000,79.72000,81.77000,4154800
2019-10-30,81.57000,83.85000,81.54000,83.27000,4150000
2019-10-31,83.35000,83.50000,81.78000,82.66000,2548900
2019-11-01,83.09000,83.19000,82.00000,82.47000,2585800
2019-11-04,82.70000,82.81000,80.45000,80.92000,3055800
2019-11-05,81.06000,81.85000,80.85000,81.47000,1622800
2019-11-06,81.60000,81.95000,81.29000,81.86000,2705600
2019-11-07,82.40000,83.03000,81.57000,81.86000,2674200
2019-11-08,81.80000,81.84000,80.83000,80.94000,1614800
2019-11-11,80.59000,81.14000,77.55000,79.62000,6388500
2019-11-12,79.62000,79.65000,77.20000,77.43000,4346000
2019-11-13,77.63000,78.07000,76.80000,77.97000,2715800
2019-11-14,77.38000,77.82000,76.49000,76.84000,2881500
2019-11-15,77.56000,79.50000,77.33000,78.07000,3941400
2019-11-18,76.87000,78.45000,76.33000,78.19000,4235800
2019-11-19,78.20000,78.30000,76.92000,77.16000,2332900
2019-11-20,76.85000,77.68000,76.72000,77.64000,2779400
2019-11-21,77.84000,77.94000,77.36000,77.70000,1694800
2019-11-22,77.95000,78.78000,77.79000,78.59000,2896100
2019-11-25,78.74000,78.87000,77.59000,78.00000,2978200
2019-11-26,77.91000,78.69000,77.59000,78.45000,2832200
2019-11-27,78.47000,79.30000,78.47000,78.98000,2081500
2019-11-29,78.88000,79.28000,78.50000,78.55000,872900
2019-12-02,78.58000,78.84000,76.86000,77.64000,2881400
2019-12-03,77.45000,78.06000,76.81000,78.01000,1956600
2019-12-04,78.05000,78.53000,77.44000,78.34000,1905500
2019-12-05,78.07000,78.20000,76.90000,76.94000,2820400
2019-12-06,77.54000,78.00000,76.63000,77.74000,2900300
2019-12-09,77.70000,77.90000,75.30000,75.87000,4364300
2019-12-10,75.79000,75.91000,74.93000,75.02000,3080600
2019-12-11,75.08000,75.41000,74.31000,74.62000,3374000
2019-12-12,75.23000,75.25000,74.46000,74.89000,2845600
2019-12-13,74.97000,75.54000,74.65000,75.47000,2725400
2019-12-16,75.53000,75.85000,75.23000,75.47000,3487900
2019-12-17,75.45000,75.70000,75.02000,75.49000,3603800
2019-12-18,75.62000,76.42000,75.46000,76.31000,4106300
2019-12-19,76.04000,77.55000,76.00000,77.22000,2991900
2019-12-20,77.93000,77.93000,77.02000,77.40000,5944300
2019-12-23,77.47000,77.56000,76.92000,76.96000,1709400
2019-12-24,77.05000,77.41000,76.92000,77.32000,470100
2019-12-26,77.46000,77.54000,77.31000,77.40000,1240900
2019-12-27,77.32000,77.50000,77.01000,77.24000,1310000
2019-12-30,77.47000,78.10000,77.18000,78.08000,2342000
2019-12-31,77.94000,78.44000,77.78000,78.42000,1714900
2020-01-02,78.88000,78.89000,77.93000,78.59000,3392700
2020-01-03,78.06000,78.43000,77.47000,78.17000,1831900
2020-01-06,78.13000,78.85000,77.97000,78.62000,2675300
2020-01-07,78.57000,79.51000,78.15000,78.92000,3262400
2020-01-08,79.22000,79.79000,78.08000,79.42000,3037400
2020-01-09,79.77000,80.33000,79.40000,79.81000,2981900
2020-01-10,80.21000,80.21000,78.85000,79.00000,2224800
2020-01-13,79.17000,79.56000,78.89000,79.40000,2283400
2020-01-14,79.17000,79.95000,78.86000,79.80000,2050100
2020-01-15,79.86000,80.48000,79.62000,80.27000,1612300
2020-01-16,80.27000,81.52000,80.27000,81.44000,3109300
2020-01-17,81.95000,82.24000,81.57000,82.15000,3559600
2020-01-21,81.99000,82.95000,81.80000,82.03000,3612000
2020-01-22,82.14000,83.03000,82.07000,82.49000,1672500
2020-01-23,82.30000,82.37000,81.95000,82.18000,1754900
2020-01-24,82.29000,82.59000,81.33000,81.58000,1596500
2020-01-27,80.89000,81.55000,80.38000,80.72000,1934600
2020-01-28,81.08000,82.30000,80.93000,81.66000,2395000
2020-01-29,81.87000,81.89000,80.09000,80.26000,2602400
2020-01-30,79.59000,81.05000,79.58000,80.94000,2352700
2020-01-31,80.59000,80.79000,79.16000,79.19000,2863600
2020-02-03,80.36000,80.76000,79.33000,79.46000,2873600
2020-02-04,80.15000,81.89000,79.23000,81.51000,4597800
2020-02-05,81.96000,82.71000,81.75000,81.79000,2758800
2020-02-06,82.13000,83.08000,82.00000,82.77000,2976200
2020-02-07,83.37000,85.79000,82.26000,85.44000,6740600
2020-02-10,85.41000,85.65000,84.38000,84.53000,3423100
2020-02-11,93.70000,95.23000,92.66000,94.49000,25874400
2020-02-12,94.00000,96.27000,93.92000,95.67000,8915500
2020-02-13,95.12000,96.15000,94.80000,95.14000,5490500
2020-02-14,95.26000,96.62000,95.02000,96.48000,3045900
2020-02-18,96.85000,100.02000,96.28000,99.88000,7460100
2020-02-19,101.16000,101.35000,99.64000,100.49000,6091300
2020-02-20,100.10000,100.42000,98.23000,99.50000,6350400
2020-02-21,98.97000,99.49000,96.62000,98.57000,12101000
2020-02-24,96.13000,97.31000,95.88000,96.37000,4700900
2020-02-25,96.56000,97.00000,94.45000,94.58000,5117500
2020-02-26,94.68000,95.66000,93.44000,93.65000,4371300
2020-02-27,92.83000,93.32000,91.16000,91.24000,5856400
2020-02-28,89.44000,90.50000,87.48000,90.16000,6957600
2020-03-02,90.28000,93.36000,88.98000,93.29000,5160600
2020-03-03,92.63000,93.92000,88.77000,89.37000,5702000
2020-03-04,90.43000,93.96000,90.25000,93.81000,5222200
2020-03-05,91.61000,93.16000,89.19000,89.86000,4941300
2020-03-06,86.10000,88.28000,85.42000,87.86000,5978500
2020-03-09,83.27000,84.89000,79.58000,79.75000,7946600
2020-03-10,81.98000,85.01000,80.21000,84.98000,6713600
2020-03-11,82.86000,87.83000,82.85000,86.45000,8840300
2020-03-12,82.02000,85.00000,76.41000,76.76000,9075300
2020-03-13,80.15000,85.52000,76.61000,85.39000,7401700
2020-03-16,78.34000,80.55000,74.84000,76.53000,6787700
2020-03-17,77.60000,80.40000,75.45000,78.35000,7609100
2020-03-18,74.60000,76.10000,63.50000,74.32000,11114200
2020-03-19,74.77000,81.99000,73.61000,79.45000,8906200
2020-03-20,80.00000,82.00000,73.16000,74.55000,6836600
2020-03-23,74.98000,76.66000,70.83000,75.70000,8328800
2020-03-24,78.50000,79.71000,75.83000,78.65000,5929100
2020-03-25,77.77000,85.47000,77.75000,79.17000,6252700
2020-03-26,80.00000,84.99000,79.73000,84.63000,4821300
2020-03-27,82.54000,83.90000,81.02000,81.72000,4309600
2020-03-30,82.29000,83.86000,81.24000,83.12000,5625200
2020-03-31,83.04000,84.75000,81.98000,83.90000,6920600
2020-04-01,82.99000,86.71000,82.70000,85.13000,11018800
2020-04-02,85.05000,88.52000,84.02000,84.41000,22956100
2020-04-03,84.56000,84.99000,81.04000,81.98000,8378500
2020-04-06,84.49000,86.49000,82.99000,86.09000,5256300
2020-04-07,87.66000,87.91000,85.17000,86.51000,4410100
2020-04-08,86.60000,87.64000,86.00000,86.85000,3831600
2020-04-09,86.88000,87.75000,84.93000,85.90000,5770900
2020-04-13,84.59000,87.28000,84.47000,86.17000,3955700
2020-04-14,87.19000,89.94000,86.40000,89.62000,4787100
2020-04-15,87.92000,89.39000,87.10000,88.54000,5804000
2020-04-16,89.11000,90.58000,88.07000,90.27000,4796400
2020-04-17,92.75000,93.30000,89.86000,90.99000,3847500
2020-04-20,89.58000,91.73000,89.05000,89.94000,3508700
2020-04-21,89.25000,89.89000,86.10000,87.22000,3946400
2020-04-22,89.88000,90.65000,88.28000,90.16000,4261100
2020-04-23,90.68000,91.88000,89.29000,90.34000,4537100
2020-04-24,90.39000,91.00000,89.01000,90.80000,3564100
2020-04-27,91.32000,91.38000,89.02000,90.91000,3726300
2020-04-28,91.24000,91.41000,87.89000,87.94000,3356500
2020-04-29,89.04000,90.03000,87.97000,89.31000,3110700
2020-04-30,88.90000,89.02000,87.30000,87.80000,3938100
2020-05-01,87.74000,88.11000,85.81000,86.20000,3162000
2020-05-04,86.77000,88.97000,86.06000,88.96000,4212200
2020-05-05,88.78000,89.77000,88.44000,88.97000,3020100
2020-05-06,89.22000,89.73000,86.41000,86.59000,3840900
2020-05-07,90.35000,95.40000,90.23000,95.29000,10442000
2020-05-08,96.64000,98.77000,95.03000,98.52000,4851100
2020-05-11,96.48000,97.46000,95.98000,96.72000,3732800
2020-05-12,96.18000,96.67000,94.55000,94.61000,3773600
2020-05-13,94.39000,94.53000,91.50000,92.78000,3256900
2020-05-14,92.54000,95.07000,92.16000,94.91000,3990100
2020-05-15,95.02000,97.67000,93.73000,97.32000,6715500
2020-05-18,98.16000,102.73000,98.07000,101.90000,6383600
2020-05-19,98.41000,99.76000,96.15000,98.60000,21394500
2020-05-20,99.14000,99.80000,97.80000,98.14000,5978700
2020-05-21,98.75000,98.75000,93.00000,94.39000,5586900
2020-05-22,94.54000,96.72000,94.35000,95.80000,4849300
2020-05-26,96.92000,97.24000,94.46000,95.57000,5007200
2020-05-27,95.66000,98.17000,95.06000,97.20000,4540400
2020-05-28,97.52000,99.83000,97.15000,99.22000,5457700
2020-05-29,99.27000,100.40000,97.32000,100.04000,9777300
2020-06-01,99.96000,101.00000,99.32000,99.70000,2903300
2020-06-02,98.66000,100.50000,98.51000,100.41000,4720200
2020-06-03,100.91000,102.35000,100.44000,101.21000,3756300
2020-06-04,101.54000,101.69000,99.79000,100.17000,2534100
2020-06-05,101.30000,102.97000,100.50000,101.13000,3957900
2020-06-08,100.74000,105.11000,100.44000,104.46000,5043500
2020-06-09,102.18000,103.54000,101.77000,103.19000,5037000
2020-06-10,102.81000,106.72000,102.81000,105.79000,6273500
2020-06-11,104.51000,105.31000,100.74000,100.89000,7689300
2020-06-12,104.25000,105.05000,100.26000,102.31000,5289300
2020-06-15,101.32000,105.19000,100.73000,104.68000,3842000
2020-06-16,104.00000,104.00000,100.11000,102.89000,5766100
2020-06-17,103.00000,104.80000,102.34000,102.63000,3757400
2020-06-18,103.82000,106.84000,103.25000,106.39000,4698900
2020-06-19,107.34000,109.00000,106.39000,106.90000,9268300
2020-06-22,106.86000,108.70000,106.03000,106.60000,5090500
2020-06-23,103.70000,110.46000,103.50000,107.16000,22929100
2020-06-24,105.46000,109.14000,104.57000,108.43000,66903100
2020-06-25,109.78000,111.58000,108.51000,110.19000,55407300
2020-06-26,109.15000,109.85000,104.73000,105.20000,25367800
2020-06-29,105.79000,106.26000,103.95000,105.96000,9096800
2020-06-30,105.90000,106.20000,104.00000,104.15000,10833800
2020-07-01,105.68000,106.25000,103.85000,106.13000,9599900
2020-07-02,106.95000,107.34000,105.35000,106.01000,6411900
2020-07-06,106.60000,107.68000,106.20000,106.78000,5256500
2020-07-07,106.44000,107.59000,105.55000,105.80000,5572500
2020-07-08,106.25000,106.63000,105.37000,106.61000,4300400
2020-07-09,106.66000,106.72000,105.05000,106.17000,3956600
2020-07-10,105.82000,107.19000,105.29000,107.05000,4557900
2020-07-13,106.89000,107.55000,104.23000,104.52000,5752500
2020-07-14,103.57000,106.54000,103.57000,105.39000,7881900
2020-07-15,105.51000,106.08000,104.53000,104.92000,4476300
2020-07-16,104.50000,104.86000,103.43000,104.49000,5751200
2020-07-17,104.87000,105.73000,104.09000,105.35000,4009300
2020-07-20,105.40000,106.28000,105.03000,106.14000,3632400
2020-07-21,106.35000,106.48000,105.25000,105.58000,3602400
2020-07-22,105.66000,106.34000,104.74000,104.93000,4655300
2020-07-23,105.21000,105.28000,104.36000,104.51000,6640800
2020-07-24,104.52000,105.23000,104.23000,104.93000,4990000
2020-07-27,104.53000,106.27000,104.35000,105.62000,7958900
2020-07-28,105.00000,105.50000,104.00000,104.52000,3670000
2020-07-29,105.22000,106.37000,104.54000,105.78000,3606200
2020-07-30,104.72000,105.95000,104.59000,105.48000,2689400
2020-07-31,105.63000,107.42000,105.05000,107.38000,4119200
2020-08-03,107.98000,108.74000,106.82000,106.88000,4548000
2020-08-04,106.63000,108.42000,106.38000,108.39000,2991200
2020-08-05,108.74000,109.16000,107.26000,107.90000,3112500
2020-08-06,107.32000,108.30000,107.18000,108.10000,4016600
2020-08-07,113.24000,118.00000,113.09000,115.09000,13771200
2020-08-10,115.06000,116.65000,113.60000,116.07000,4812500
2020-08-11,116.08000,116.20000,113.28000,113.59000,4763100
2020-08-12,114.27000,116.24000,114.07000,115.25000,3512200
2020-08-13,115.15000,117.15000,114.89000,115.37000,3030500
2020-08-14,115.70000,116.09000,114.33000,115.49000,2027600
2020-08-17,115.98000,117.32000,115.82000,116.87000,3308700
2020-08-18,117.68000,117.73000,115.86000,116.02000,2363300
2020-08-19,116.69000,116.93000,114.92000,115.14000,2700400
2020-08-20,114.56000,115.86000,114.51000,115.40000,2268800
2020-08-21,114.34000,115.25000,113.38000,115.01000,2841000
2020-08-24,115.03000,116.09000,114.76000,115.26000,2713500
2020-08-25,115.56000,115.56000,114.60000,115.41000,2322300
2020-08-26,115.11000,116.24000,114.74000,116.19000,2953400
2020-08-27,116.62000,116.62000,115.00000,115.24000,2464800
2020-08-28,115.25000,116.35000,114.88000,116.26000,2797900
2020-08-31,115.49000,117.11000,115.41000,116.68000,3926100
2020-09-01,116.63000,117.33000,115.95000,116.90000,2938100
2020-09-02,117.83000,119.20000,117.14000,118.88000,3600400
2020-09-03,118.70000,119.15000,113.93000,114.84000,4411900
2020-09-04,115.49000,116.00000,112.21000,114.29000,4691000
2020-09-08,112.63000,113.85000,111.08000,111.57000,5686500
2020-09-09,111.64000,114.56000,111.64000,113.20000,4024200
2020-09-10,113.11000,114.95000,111.26000,111.72000,3862000
2020-09-11,112.28000,113.42000,110.45000,111.58000,3098100
2020-09-14,112.95000,113.49000,111.64000,112.27000,3939000
2020-09-15,113.12000,116.15000,112.48000,115.93000,4821500
2020-09-16,116.41000,117.42000,113.49000,113.76000,5758900
2020-09-17,110.94000,112.79000,110.11000,111.91000,5859000
2020-09-18,112.21000,112.65000,107.79000,110.72000,8822900
2020-09-21,109.92000,110.67000,108.90000,110.57000,4562600
2020-09-22,111.64000,112.61000,110.64000,112.39000,4332100
2020-09-23,112.80000,112.83000,108.66000,109.00000,3542000
2020-09-24,108.21000,112.15000,108.15000,110.55000,4184700
2020-09-25,110.25000,112.56000,109.71000,112.02000,5134700
2020-09-28,112.87000,114.48000,112.49000,114.24000,5850900
2020-09-29,114.35000,114.84000,113.29000,113.52000,3221100
2020-09-30,113.36000,115.09000,112.01000,114.36000,5174400
2020-10-01,115.00000,116.43000,113.89000,115.73000,4306500
2020-10-02,114.41000,115.70000,113.00000,113.41000,4014900
2020-10-05,113.46000,114.99000,113.42000,114.80000,2657000
2020-10-06,113.61000,114.47000,111.80000,112.45000,3335500
2020-10-07,113.02000,114.52000,112.62000,114.22000,3367400
2020-10-08,114.89000,115.60000,114.28000,115.49000,2254800
2020-10-09,115.58000,117.52000,115.52000,117.23000,3340100
2020-10-12,118.06000,121.36000,117.40000,120.07000,6498700
2020-10-13,120.80000,123.42000,120.07000,121.57000,5326500
2020-10-14,122.05000,122.24000,116.45000,116.67000,6618700
2020-10-15,115.81000,116.95000,114.07000,115.30000,3287400
2020-10-16,115.81000,116.78000,114.85000,114.96000,3761400
2020-10-19,115.47000,115.55000,112.01000,112.75000,3037500
2020-10-20,113.90000,114.21000,112.70000,113.07000,2745000
2020-10-21,112.67000,113.79000,112.21000,112.42000,3029700
2020-10-22,112.77000,113.76000,110.88000,111.64000,3604500
2020-10-23,112.50000,112.62000,110.90000,112.38000,2269300
2020-10-26,111.18000,112.04000,110.02000,111.78000,2764700
2020-10-27,111.78000,113.56000,111.13000,112.82000,2628900
2020-10-28,111.30000,111.93000,109.66000,109.80000,3661800
2020-10-29,109.28000,111.04000,108.90000,109.51000,2895900
2020-10-30,108.86000,109.76000,107.56000,109.57000,4040500
2020-11-02,111.14000,111.14000,108.75000,110.39000,3145000
2020-11-03,111.25000,112.39000,110.71000,111.12000,3341400
2020-11-04,113.91000,116.88000,112.81000,116.02000,5025900
2020-11-05,117.57000,119.31000,116.28000,117.26000,7669700
2020-11-06,127.00000,127.03000,122.71000,123.56000,8931300
2020-11-09,125.48000,126.96000,122.57000,122.78000,6190600
2020-11-10,119.03000,123.24000,118.60000,121.72000,4454400
2020-11-11,122.63000,126.03000,122.04000,125.15000,3931600
2020-11-12,125.41000,127.80000,124.73000,126.81000,3557800
2020-11-13,127.33000,128.52000,126.31000,128.23000,3397600
2020-11-16,129.82001,130.11000,127.56000,128.64999,3444500
2020-11-17,130.60001,132.33000,128.72000,129.00000,3648500
2020-11-18,129.63000,130.50999,127.84000,127.85000,3222900
2020-11-19,127.30000,130.23000,127.11000,129.19000,2427000
2020-11-20,129.66000,130.34000,128.36000,129.67999,4387800
2020-11-23,129.87000,130.14999,126.91000,127.88000,4177200
2020-11-24,127.47000,129.02000,125.76000,128.06000,4692200
2020-11-25,128.78999,129.63000,127.76000,128.74001,3562700
2020-11-27,129.12000,132.47000,128.87000,131.89999,2278400
2020-11-30,131.89999,133.05000,130.13000,132.94000,5746000
2020-12-01,132.92000,133.94000,132.24001,133.73000,3967100
2020-12-02,133.64000,134.24001,132.41000,133.14000,2926700
2020-12-03,131.64999,132.97000,131.09000,131.19000,3587800
2020-12-04,131.63000,131.98000,130.67999,131.80000,2029200
2020-12-07,132.08000,133.08000,131.92000,132.96001,2637400
2020-12-08,132.83000,133.42999,131.82001,133.14999,2442900
2020-12-09,133.88000,133.88000,130.57001,131.12000,3660500
2020-12-10,130.73000,131.88000,130.03999,130.56000,4164500
2020-12-11,130.57001,131.63000,129.69000,131.23000,2405300
2020-12-14,131.02000,132.97000,129.23000,129.36000,5296700
2020-12-15,129.70000,130.71001,128.78000,130.00000,2896000
2020-12-16,130.64999,130.64999,129.11000,129.81000,3262000
2020-12-17,130.32001,130.75999,129.64999,130.00999,4132200
2020-12-18,130.30000,132.14000,129.50999,131.92000,8782600
2020-12-21,130.00000,131.23000,127.63000,130.22000,3259400
2020-12-22,131.92999,132.42000,130.25999,132.25000,3061300
2020-12-23,132.25000,132.87000,130.95000,132.23000,2152300
2020-12-24,132.78000,133.83000,132.59000,132.92000,901100
2020-12-28,134.23000,134.75999,131.39999,133.00000,2569100
2020-12-29,133.52000,133.97000,131.64999,133.14000,1672500
2020-12-30,133.52000,133.83000,132.50999,133.28000,1673100
2020-12-31,133.14999,135.00000,133.10001,134.85001,2080600
2021-01-04,134.30000,134.98000,130.46001,132.42999,3433100
2021-01-05,131.95000,132.24001,130.46001,131.85001,2544200
2021-01-06,130.72000,131.98000,129.61000,131.53000,4486000
2021-01-07,133.81000,135.45000,133.16000,133.19000,4928100
2021-01-08,133.25999,135.20000,132.23000,135.06000,2951200
2021-01-11,134.00000,135.53999,132.75000,132.92999,3074800
2021-01-12,132.88000,133.47000,127.67000,128.69000,5374600
2021-01-13,129.14000,129.89999,128.45000,128.50000,2917300
2021-01-14,129.03000,130.42000,123.90000,124.69000,6359700
2021-01-15,124.75000,127.90000,124.75000,127.28000,4741000
2021-01-19,128.69000,130.42999,127.12000,129.85001,4033800
2021-01-20,130.12000,132.42000,129.50000,132.30000,4230400
2021-01-21,132.71001,132.71001,129.85001,130.39999,2687200
2021-01-22,130.44000,131.32001,129.12000,130.36000,2501600
2021-01-25,130.75000,132.39999,129.67000,131.10001,2892600
2021-01-26,130.02000,132.71001,130.00000,131.41000,3219000
2021-01-27,129.69000,130.00000,122.45000,123.27000,7023100
2021-01-28,125.79000,129.60001,124.50000,127.77000,5000200
2021-01-29,126.56000,129.23000,125.37000,126.08000,4597400
2021-02-01,126.29000,129.35001,125.21000,128.42000,4070200
2021-02-02,128.63000,132.41000,128.07001,131.89000,3456000
2021-02-03,131.85001,132.64999,128.75000,129.37000,3918400
2021-02-04,130.31000,130.85001,129.37000,130.60001,7396000
2021-02-05,129.02000,129.59000,124.55000,125.28000,10319100
2021-02-08,126.20000,126.26000,122.54000,126.10000,5742600
2021-02-09,125.92000,125.99000,124.05000,124.45000,3342900
2021-02-10,125.11000,125.66000,124.32000,124.49000,2880000
2021-02-11,125.43000,125.45000,123.46000,124.40000,3085300
2021-02-12,123.81000,124.05000,122.68000,123.68000,2713000
2021-02-16,122.98000,123.38000,121.38000,122.00000,4247500
2021-02-17,121.89000,122.95000,120.83000,121.30000,6105200
2021-02-18,120.85000,123.24000,119.60000,123.04000,6125900
2021-02-19,123.10000,123.72000,119.40000,120.10000,4961100
2021-02-22,119.15000,119.85000,117.40000,117.91000,5138500
2021-02-23,117.88000,119.65000,115.89000,119.22000,6390200
2021-02-24,117.72000,119.51000,116.77000,119.38000,4425000
2021-02-25,124.49000,125.34000,119.74000,120.89000,11337300
2021-02-26,119.75000,121.66000,118.88000,119.97000,5118000
2021-03-01,120.31000,123.93000,120.27000,123.57000,5812900
2021-03-02,123.90000,124.56000,122.42000,122.45000,4797700
2021-03-03,121.44000,121.94000,118.62000,118.84000,5390200
2021-03-04,119.19000,121.52000,117.41000,118.61000,4884200
2021-03-05,120.02000,125.35000,118.54000,124.68000,7944300
2021-03-08,124.09000,128.46001,123.85000,127.06000,7416000
2021-03-09,129.02000,129.84000,125.46000,126.31000,6409500
2021-03-10,128.42999,129.12000,126.06000,127.41000,4027800
2021-03-11,127.86000,130.20000,123.88000,125.99000,8824500
2021-03-12,126.57000,127.67000,124.68000,127.12000,6122500
2021-03-15,128.32001,128.57001,124.08000,125.63000,5599600
2021-03-16,125.80000,128.81000,124.84000,127.78000,4433200
2021-03-17,126.33000,128.02000,125.52000,127.30000,3471800
2021-03-18,125.38000,126.54000,124.82000,124.91000,3835000
2021-03-19,124.73000,125.71000,122.96000,124.19000,8848300
2021-03-22,124.66000,127.10000,124.64000,126.11000,4850700
2021-03-23,126.94000,127.33000,124.22000,124.39000,3653200
2021-03-24,125.28000,125.30000,122.31000,122.36000,3673100
2021-03-25,124.21000,124.28000,121.15000,123.48000,4259300
2021-03-26,123.87000,124.72000,121.02000,122.99000,4274700
2021-03-29,122.56000,124.67000,121.90000,123.46000,3256000
2021-03-30,123.53000,125.39000,122.28000,124.64000,4592500
2021-03-31,124.25000,125.93000,124.15000,125.29000,4160400
2021-04-01,125.86000,127.66000,124.85000,127.65000,4281700
2021-04-05,128.47000,131.66000,128.23000,131.39999,4316100
2021-04-06,130.37000,131.99001,130.37000,131.42999,4906600
2021-04-07,130.91000,131.10001,129.09000,130.02000,3057100
2021-04-08,130.88000,130.91000,129.61000,130.11000,2422800
2021-04-09,130.53000,130.53000,128.17999,129.03000,2388100
2021-04-12,128.49001,131.00000,128.23000,130.75999,2435800
2021-04-13,130.30000,131.20000,129.67000,130.78999,4516400
2021-04-14,130.67999,130.78999,129.61000,129.89999,2921500
2021-04-15,131.10001,131.80000,130.12000,131.47000,3241200
2021-04-16,131.99001,133.55000,131.32001,133.05000,3540000
2021-04-19,133.59000,133.64000,131.92000,131.99001,2575700
2021-04-20,131.70000,131.70000,128.48000,130.55000,3332400
2021-04-21,130.96001,132.50000,129.81000,132.12000,3368400
2021-04-22,132.00000,132.88000,130.59000,131.73000,3324500
2021-04-23,131.75000,133.91000,131.39999,133.32001,3020100
2021-04-26,133.41000,133.41000,131.91000,132.50000,2721700
2021-04-27,133.11000,133.24001,131.48000,132.92000,3008600
2021-04-28,132.35001,132.64000,131.53000,132.08000,2011400
2021-04-29,132.14999,134.07001,132.14999,134.00999,3401800
2021-04-30,133.05000,133.17999,131.50999,132.13000,4138400
2021-05-03,132.58000,132.78000,130.91000,131.45000,4192300
2021-05-04,130.83000,131.13000,127.09000,128.48000,4891800
2021-05-05,131.46001,135.33000,131.42000,134.13000,8802900
2021-05-06,133.67999,138.98000,132.21001,138.88000,8150200
2021-05-07,138.58000,140.19000,138.35001,139.12000,5831400
2021-05-10,138.33000,139.72000,135.69000,135.81000,5251600
2021-05-11,135.11000,138.25000,134.67000,138.00000,3151400
2021-05-12,135.98000,137.38000,135.85001,136.64000,3903400
2021-05-13,137.07001,139.10001,136.45000,138.12000,3737900
2021-05-14,139.06000,143.09000,138.73000,141.52000,5331100
2021-05-17,140.14999,140.47000,139.17000,140.20000,5452200
2021-05-18,139.98000,139.98000,134.86000,135.00000,8235600
2021-05-19,133.67000,134.67000,132.49001,134.35001,6709200
2021-05-20,134.59000,136.67999,134.30000,136.16000,4445900
2021-05-21,137.34000,137.42999,135.78999,136.05000,3719000
2021-05-24,136.60001,138.41000,136.19000,137.73000,4432000
2021-05-25,137.97000,138.88000,136.73000,136.75999,6094300
2021-05-26,136.78000,140.87000,136.63000,139.64999,6267100
2021-05-27,140.48000,142.16000,139.81000,141.31000,8141100
2021-05-28,141.81000,142.60001,141.41000,141.45000,4197700
2021-06-01,141.66000,142.91000,141.45000,141.70000,3752700
2021-06-02,141.80000,142.11000,139.94000,140.98000,3589500
2021-06-03,140.22000,142.86000,140.02000,142.32001,4503700
2021-06-04,142.99001,144.77000,142.50000,144.50999,3484000
2021-06-07,143.91000,144.82001,142.96001,143.50999,2758200
2021-06-08,143.89999,145.67999,143.89999,145.39000,4960300
2021-06-09,145.59000,147.95000,145.59000,147.27000,4125000
2021-06-10,147.60001,148.70000,146.22000,146.50999,3592200
2021-06-11,146.58000,146.64999,144.37000,145.35001,4072700
2021-06-14,144.99001,145.57001,144.56000,145.25999,3477800
2021-06-15,145.38000,146.75999,145.00999,145.67999,3169600
2021-06-16,145.80000,146.28000,143.25999,144.91000,4184100
2021-06-17,144.99001,147.88000,144.81000,146.45000,3494600
2021-06-18,146.23000,146.49001,144.28999,144.70000,5430900
2021-06-21,145.97000,146.19000,145.08000,145.66000,3801900
2021-06-22,145.71001,146.00000,145.00999,145.82001,2621900
2021-06-23,145.39999,145.67999,144.50999,145.03000,2416200
2021-06-24,145.38000,146.07001,144.87000,145.60001,2181500
2021-06-25,145.78999,146.24001,144.80000,145.34000,3376100
2021-06-28,145.27000,145.58000,144.41000,145.03999,2826000
2021-06-29,144.69000,145.34000,144.14000,144.99001,3197200
2021-06-30,145.21001,145.32001,144.23000,144.83000,3139000
2021-07-01,144.53999,145.50000,144.28999,145.34000,2655000
2021-07-02,145.94000,146.71001,145.32001,146.28999,2603400
2021-07-06,146.14999,146.92999,145.14999,146.75000,2357400
2021-07-07,146.72000,148.14000,145.57001,148.03999,1777400
2021-07-08,147.52000,148.02000,146.00999,146.86000,2407500
2021-07-09,145.89000,147.28999,144.50999,146.00999,3245300
2021-07-12,146.19000,147.19000,145.33000,146.89999,2007900
2021-07-13,146.81000,149.59000,146.11000,147.77000,2583000
2021-07-14,148.49001,149.84000,148.02000,148.89999,2316500
2021-07-15,149.34000,150.14000,148.11000,148.34000,3348600
2021-07-16,148.09000,150.20000,148.09000,149.41000,2476700
2021-07-19,147.50000,148.21001,143.28999,144.61000,7154600
2021-07-20,144.78999,145.69000,144.11000,144.39999,7189700
2021-07-21,143.99001,146.12000,143.64999,144.57001,4700000
2021-07-22,144.66000,144.94000,142.44000,144.75000,4335700
2021-07-23,145.42999,145.42999,143.89999,144.00000,4278200
2021-07-26,143.63000,145.72000,143.63000,144.97000,3705900
2021-07-27,144.85001,145.07001,143.56000,144.82001,4110400
2021-07-28,145.00000,145.49001,144.30000,145.12000,2975000
2021-07-29,145.50000,146.92000,143.70000,144.63000,4198600
2021-07-30,143.00000,145.17999,141.20000,144.02000,6600300
2021-08-02,144.87000,145.28999,144.02000,144.91000,4333500
2021-08-03,145.08000,145.46001,144.03000,144.50000,3953600
2021-08-04,143.87000,144.39999,142.14999,142.22000,4615200
2021-08-05,142.82001,143.50000,141.70000,141.92999,4369100
2021-08-06,141.99001,142.75999,141.47000,142.23000,5236700
2021-08-09,142.80000,144.00000,142.69000,142.99001,4645800
2021-08-10,143.28999,143.83000,142.48000,143.20000,2608300
2021-08-11,143.31000,144.75999,142.94000,144.59000,2417800
2021-08-12,144.96001,145.39000,144.69000,144.74001,2223900
2021-08-13,144.30000,145.35001,144.07001,144.94000,2618200
2021-08-16,141.00000,142.66000,139.28000,140.73000,7114200
2021-08-17,140.55000,141.85001,140.08000,140.67000,4718500
2021-08-18,140.24001,141.77000,139.67999,139.83000,4480000
2021-08-19,139.60001,141.60001,139.42000,140.89000,3799000
2021-08-20,141.02000,143.28000,140.37000,141.81000,3274000
2021-08-23,141.50999,142.97000,141.20000,142.53999,3186700
2021-08-24,142.30000,143.09000,141.75999,142.50000,2367100
2021-08-25,142.32001,142.32001,139.80000,139.86000,3633400
2021-08-26,140.55000,140.55000,137.42000,137.58000,4204800
2021-08-27,137.89000,138.64999,137.17999,138.38000,3351800
2021-08-30,136.92999,138.58000,135.62000,137.89999,3628600
2021-08-31,137.53000,137.98000,136.57001,137.02000,4458900
2021-09-01,137.63000,138.80000,137.38000,137.74001,2754800
2021-09-02,138.22000,138.25999,135.05000,136.13000,3807900
2021-09-03,136.37000,136.49001,135.42000,136.00000,2448500
2021-09-07,136.09000,136.78999,134.22000,134.47000,4403800
2021-09-08,134.66000,134.66000,132.33000,133.67000,6635700
2021-09-09,131.20000,133.75000,130.24001,131.44000,8684000
2021-09-10,131.77000,132.21001,129.07001,130.81000,6570000
2021-09-13,131.89999,132.17000,129.57001,130.02000,6763200
2021-09-14,130.92000,131.24001,127.97000,128.92000,6053700
2021-09-15,128.56000,128.84000,125.35000,127.07000,8735700
2021-09-16,127.40000,129.63000,125.96000,128.91000,9045100
2021-09-17,128.88000,129.23000,127.03000,128.00000,8304300
2021-09-20,127.01000,127.97000,124.67000,125.63000,7916000
2021-09-21,126.45000,127.50000,124.85000,124.90000,5908000
2021-09-22,125.76000,128.24001,125.45000,127.73000,6952600
2021-09-23,128.25999,131.89000,128.00999,130.94000,8177200
2021-09-24,130.17000,130.74001,129.05000,129.42999,3712000
2021-09-27,128.73000,128.82001,127.25000,127.78000,3888500
2021-09-28,126.72000,127.71000,125.86000,126.31000,4517900
2021-09-29,126.55000,128.75000,126.00000,128.10001,4398500
2021-09-30,128.83000,129.27000,127.11000,127.76000,4541100
2021-10-01,127.08000,128.31000,126.29000,126.76000,4126700
2021-10-04,126.81000,127.75000,124.74000,125.46000,4753000
2021-10-05,125.09000,126.19000,124.29000,125.40000,3051100
2021-10-06,124.25000,124.72000,123.30000,124.60000,4160400
2021-10-07,125.67000,126.13000,122.81000,123.18000,5431700
2021-10-08,123.64000,123.64000,120.60000,121.22000,5975800
2021-10-11,120.98000,121.60000,116.96000,117.19000,9884200
2021-10-12,117.59000,118.58000,116.15000,116.28000,7095400
2021-10-13,117.16000,118.03000,116.00000,116.46000,6845800
2021-10-14,118.09000,119.69000,117.61000,119.26000,9698500
2021-10-15,119.61000,120.34000,117.22000,117.56000,4453800
2021-10-18,117.06000,118.20000,116.13000,117.38000,4377700
2021-10-19,117.61000,118.65000,116.82000,118.56000,3426500
2021-10-20,119.08000,122.66000,118.99000,121.94000,5875900
2021-10-21,121.60000,121.93000,116.43000,116.85000,6744800
2021-10-22,117.40000,117.51000,116.17000,116.87000,5213700
2021-10-25,116.77000,116.97000,115.83000,115.93000,5940100
2021-10-26,116.59000,117.98000,116.29000,116.36000,4600800
2021-10-27,116.32000,117.53000,116.06000,116.62000,3998200
2021-10-28,116.89000,117.87000,115.40000,116.04000,3371100
2021-10-29,115.82000,116.33000,114.69000,115.03000,4175800
2021-11-01,114.99000,116.39000,114.89000,115.86000,4044500
2021-11-02,116.86000,117.30000,114.76000,115.80000,5446500
2021-11-03,122.12000,124.71000,121.05000,121.94000,9641800
2021-11-04,122.13000,124.08000,121.22000,122.65000,6250200
2021-11-05,123.00000,124.41000,121.79000,122.67000,5204800
2021-11-08,122.84000,122.84000,119.85000,120.86000,4437600
2021-11-09,120.92000,121.69000,119.19000,119.86000,3889500
2021-11-10,119.65000,122.28000,119.12000,119.55000,3715000
2021-11-11,119.34000,120.05000,118.12000,118.47000,3443900
2021-11-12,118.89000,119.27000,118.02000,118.24000,2853900
2021-11-15,117.99000,118.30000,115.76000,117.77000,5337000
2021-11-16,118.51000,119.30000,118.01000,118.36000,4056900
2021-11-17,117.77000,118.11000,116.30000,117.19000,3494600
2021-11-18,116.72000,117.43000,115.29000,116.98000,4801100
2021-11-19,117.01000,117.02000,114.36000,115.62000,5741600
2021-11-22,116.07000,116.09000,113.68000,113.85000,5315800
2021-11-23,113.49000,116.05000,112.87000,115.46000,4483000
2021-11-24,115.01000,115.38000,113.58000,114.48000,3552700
2021-11-26,114.74000,115.37000,113.13000,113.53000,4391800
2021-11-29,113.56000,113.93000,110.33000,113.40000,6836000
2021-11-30,113.04000,113.15000,108.09000,108.81000,10010600
2021-12-01,110.48000,111.32000,106.70000,106.72000,4757000
2021-12-02,107.15000,111.12000,106.86000,110.36000,5829400
2021-12-03,110.52000,112.99000,109.03000,112.77000,6010900
2021-12-06,113.72000,116.24000,112.76000,115.63000,5042600
2021-12-07,115.87000,117.72000,114.65000,117.15000,6867900
2021-12-08,117.19000,117.41000,113.48000,114.75000,5767700
2021-12-09,114.46000,114.70000,112.77000,113.99000,4041200
2021-12-10,114.07000,115.90000,113.71000,114.77000,3817700
2021-12-13,114.32000,115.49000,113.74000,115.01000,4154600
2021-12-14,114.63000,118.30000,114.29000,117.31000,5615100
2021-12-15,117.02000,118.82000,116.20000,118.42000,4035300
2021-12-16,119.00000,121.42000,118.81000,120.58000,6062000
2021-12-17,119.93000,121.72000,118.58000,119.81000,10490900
2021-12-20,117.81000,119.53000,116.85000,118.99000,3542500
2021-12-21,119.69000,121.63000,119.01000,121.10000,3696800
2021-12-22,120.51000,122.56000,120.00000,120.56000,3400100
2021-12-23,120.71000,121.75000,119.88000,119.91000,3020800
2021-12-27,119.96000,120.06000,118.32000,118.58000,3397500
2021-12-28,119.00000,120.31000,117.80000,118.16000,3706600
2021-12-29,119.18000,119.29000,116.88000,117.64000,3389800
2021-12-30,117.72000,118.78000,116.36000,116.51000,4348400
2021-12-31,116.52000,116.93000,115.38000,115.98000,3186400
2022-01-03,115.76000,116.09000,114.15000,114.43000,6673700
2022-01-04,114.68000,114.88000,111.96000,114.06000,7336100
2022-01-05,114.82000,118.23000,114.38000,115.36000,8059200
2022-01-06,116.03000,116.89000,114.54000,115.57000,4659400
2022-01-07,112.07000,113.54000,108.55000,109.74000,11766800
2022-01-10,109.50000,109.62000,104.10000,105.74000,9615900
2022-01-11,107.48000,111.02000,104.62000,110.97000,8358900
2022-01-12,111.50000,112.64000,109.97000,110.85000,4962500
2022-01-13,111.17000,112.00000,109.56000,110.12000,4164800
2022-01-14,109.83000,109.83000,107.06000,108.52000,3801500
2022-01-18,107.01000,108.23000,106.28000,106.91000,4960600
2022-01-19,106.77000,107.28000,105.17000,105.38000,3898300
2022-01-20,105.38000,107.87000,103.91000,104.06000,4795700
2022-01-21,103.90000,105.26000,101.51000,101.62000,6504200
2022-01-24,102.40000,106.97000,102.27000,106.65000,8814300
2022-01-25,105.62000,106.62000,104.40000,105.67000,6237700
2022-01-26,105.22000,106.51000,103.77000,104.22000,9372100
2022-01-27,103.92000,107.76000,103.77000,106.03000,4671700
2022-01-28,105.71000,108.73000,104.80000,108.65000,4649200
2022-01-31,108.20000,108.43000,106.89000,108.17000,4857600
2022-02-01,107.72000,109.75000,106.75000,109.55000,4387200
2022-02-02,109.61000,110.50000,107.92000,109.58000,6408000
2022-02-03,120.00000,122.46000,117.50000,120.78000,16349300
2022-02-04,119.03000,122.52000,117.91000,120.94000,7596500
2022-02-07,121.24000,122.90000,120.94000,122.05000,6420600
2022-02-08,122.48000,126.26000,122.25000,125.44000,6064600
2022-02-09,126.63000,128.39000,125.82000,128.08000,7483100
2022-02-10,125.00000,127.84000,124.56000,125.13000,6901600
2022-02-11,124.69000,126.94000,124.14000,124.48000,4963100
2022-02-14,125.64000,125.79000,123.35000,125.51000,4655300
2022-02-15,126.44000,128.07001,126.08000,127.03000,3712500
2022-02-16,127.50000,128.37000,125.31000,127.46000,3026300
2022-02-17,126.34000,126.65000,124.28000,124.55000,4604200
2022-02-18,124.99000,125.64000,122.79000,123.98000,3590800
2022-02-22,123.62000,124.50000,122.27000,123.51000,4369600
2022-02-23,123.07000,123.39000,119.71000,121.44000,4635600
2022-02-24,119.74000,123.95000,118.73000,123.66000,5549100
2022-02-25,124.73000,125.99000,123.24000,125.46000,3816600
2022-02-28,121.47000,123.47000,121.18000,123.21000,5167700
2022-03-01,121.91000,124.03000,121.63000,123.13000,4325900
2022-03-02,123.90000,126.31000,123.16000,125.61000,4177700
2022-03-03,126.54000,127.20000,123.63000,123.92000,4718800
2022-03-04,123.55000,124.78000,122.43000,123.23000,5086400
2022-03-07,122.50000,123.65000,121.79000,122.31000,5161500
2022-03-08,121.14000,121.83000,116.91000,119.28000,6186800
2022-03-09,120.68000,122.53000,120.49000,121.96000,4290200
2022-03-10,120.66000,123.92000,120.44000,123.54000,4200600
2022-03-11,124.43000,126.38000,124.40000,124.57000,4207200
2022-03-14,124.37000,126.44000,123.97000,124.07000,5149500
2022-03-15,124.89000,127.60000,124.89000,126.28000,3879200
2022-03-16,126.02000,128.14000,125.47000,127.76000,5453800
2022-03-17,128.57001,129.57001,127.71000,128.95000,5042000
2022-03-18,128.88000,129.39999,126.69000,127.18000,8572000
2022-03-21,126.92000,126.92000,124.20000,125.97000,5920100
2022-03-22,126.58000,127.13000,125.43000,125.69000,4594300
2022-03-23,125.93000,126.82000,124.74000,124.83000,4866900
2022-03-24,125.63000,126.12000,123.84000,125.69000,5288600
2022-03-25,125.74000,126.23000,123.14000,124.29000,5135400
2022-03-28,124.49000,126.58000,124.27000,126.49000,5420300
2022-03-29,126.22000,128.58000,125.98000,128.42999,7016700
2022-03-30,128.99001,128.99001,127.87000,128.61000,4077000
2022-03-31,128.88000,129.39999,127.54000,128.35001,4434200
2022-04-01,128.97000,130.91000,127.90000,130.75999,4205000
2022-04-04,130.53999,133.21001,130.48000,132.59000,6882800
2022-04-05,130.96001,133.25000,130.78999,131.96001,4215100
2022-04-06,131.53000,134.85001,131.25000,133.71001,7274500
2022-04-07,133.67999,134.85001,132.28000,133.28000,5812400
2022-04-08,133.39999,134.33000,132.39000,132.84000,4293100
2022-04-11,133.28000,134.09000,129.82001,130.42000,5098400
2022-04-12,131.42000,133.20000,130.66000,131.44000,5008000
2022-04-13,132.09000,135.06000,131.70000,134.85001,6828500
2022-04-14,134.85001,135.14999,132.53999,132.96001,3921300
2022-04-18,132.11000,132.95000,130.00000,130.75999,2604100
2022-04-19,129.64999,133.22000,129.44000,132.84000,3707000
2022-04-20,133.61000,133.78999,132.09000,132.70000,4407200
2022-04-21,133.25999,134.62000,131.85001,132.10001,3580700
2022-04-22,130.47000,130.86000,127.50000,128.63000,5604700
2022-04-25,128.77000,129.07001,126.38000,128.81000,4570400
2022-04-26,128.39000,129.07001,124.81000,124.96000,6221100
2022-04-27,129.00000,132.42000,127.07000,129.84000,8071900
2022-04-28,131.03999,132.94000,128.44000,132.28999,4288500
2022-04-29,130.30000,131.74001,122.72000,123.14000,7328400
2022-05-02,123.04000,126.82000,123.02000,126.40000,5514400
2022-05-03,127.27000,127.54000,124.61000,126.25000,5319000
2022-05-04,126.39000,132.48000,125.37000,132.37000,5964000
2022-05-05,130.69000,131.50000,127.56000,129.56000,4938900
2022-05-06,128.25999,129.49001,125.09000,126.80000,4701900
2022-05-09,125.66000,126.00000,120.90000,121.73000,6938100
2022-05-10,124.07000,126.40000,121.54000,123.00000,5080900
2022-05-11,121.99000,126.51000,121.50000,123.28000,7399200
2022-05-12,123.33000,124.44000,121.64000,124.03000,4460600
2022-05-13,124.28000,127.43000,124.15000,126.33000,3891000
2022-05-16,126.36000,129.11000,126.04000,126.55000,3239800
2022-05-17,128.00000,129.34000,126.75000,128.62000,3884900
2022-05-18,127.98000,128.37000,124.63000,125.24000,3787000
2022-05-19,125.53000,127.32000,124.13000,125.88000,4240300
2022-05-20,127.02000,127.11000,123.82000,126.04000,4348800
2022-05-23,127.35000,130.10001,126.62000,129.89000,4133500
2022-05-24,129.44000,130.00000,126.91000,129.22000,4037900
2022-05-25,129.53000,131.88000,128.92999,131.44000,3185000
2022-05-26,132.00000,134.38000,131.66000,132.74001,4066000
2022-05-27,133.19000,134.28000,132.89999,134.11000,3294200
2022-05-31,133.39999,134.17000,132.36000,133.28999,5158100
2022-06-01,133.71001,135.35001,131.64000,134.56000,3773600
2022-06-02,135.61000,135.96001,133.42999,135.80000,3704700
2022-06-03,135.75999,137.16000,135.17000,136.61000,4376300
2022-06-06,137.99001,138.98000,136.50999,137.17000,3163200
2022-06-07,136.81000,138.83000,136.00000,138.59000,3304400
2022-06-08,138.27000,138.27000,134.53999,135.21001,3762700
2022-06-09,134.47000,136.10001,132.92999,133.02000,3044400
2022-06-10,131.21001,131.96001,129.39000,130.50999,3676200
2022-06-13,128.83000,128.92000,124.29000,124.62000,5036300
2022-06-14,125.13000,127.04000,123.11000,124.90000,4925900
2022-06-15,126.31000,128.11000,124.47000,126.52000,5409700
2022-06-16,124.84000,125.56000,121.76000,124.28000,6641900
2022-06-17,125.00000,129.10001,125.00000,127.59000,8437400
2022-06-21,129.46001,132.37000,129.00999,131.67000,5354100
2022-06-22,130.28000,135.08000,129.02000,133.17000,4896000
2022-06-23,134.80000,136.86000,134.53999,135.94000,4485900
2022-06-24,136.08000,137.42000,134.06000,137.08000,6416400
2022-06-27,135.42999,137.16000,135.08000,136.53999,3774100
2022-06-28,137.09000,138.46001,132.78999,133.03000,4261000
2022-06-29,133.20000,134.98000,132.50000,134.37000,2773200
2022-06-30,133.61000,135.75000,132.75000,134.53999,4391100
2022-07-01,134.42000,137.78999,132.99001,136.81000,3543800
2022-07-05,136.66000,137.88000,133.98000,137.56000,3156700
2022-07-06,138.34000,138.80000,135.96001,137.00000,3372300
2022-07-07,136.91000,137.74001,136.06000,136.33000,3665000
2022-07-08,136.25999,136.25999,134.66000,135.72000,3330800
2022-07-11,135.71001,136.33000,134.39999,134.73000,2927600
2022-07-12,134.71001,136.13000,134.05000,134.44000,2927100
2022-07-13,132.88000,136.32001,132.47000,134.92000,3121600
2022-07-14,133.81000,137.12000,132.86000,135.66000,5083100
2022-07-15,136.19000,137.42999,135.23000,137.37000,4051500
2022-07-18,138.03000,138.80000,134.09000,134.47000,4339300
2022-07-19,136.11000,137.94000,135.56000,137.52000,4207800
2022-07-20,138.06000,138.50000,135.72000,137.45000,5231800
2022-07-21,134.46001,136.25000,130.50999,133.19000,6467900
2022-07-22,131.67999,135.02000,131.19000,132.48000,5319400
2022-07-25,132.23000,135.49001,132.23000,134.56000,4086000
2022-07-26,133.69000,134.69000,131.75000,133.91000,5523600
2022-07-27,138.07001,142.37000,137.55000,140.91000,9649400
2022-07-28,141.46001,142.46001,139.41000,141.70000,5721000
2022-07-29,140.82001,143.47000,139.64999,143.06000,5559100
2022-08-01,143.00000,144.10001,142.17000,143.78999,4079200
2022-08-02,143.78999,144.17000,142.00999,142.35001,3301500
2022-08-03,142.56000,144.19000,142.38000,143.70000,2795300
2022-08-04,144.12000,144.97000,143.34000,143.78999,2658400
2022-08-05,142.22000,144.80000,141.39000,144.56000,3500200
2022-08-08,145.14999,146.31000,143.95000,144.58000,3350600
2022-08-09,145.45000,145.82001,143.59000,145.58000,3469700
2022-08-10,146.92000,147.67999,144.37000,144.84000,4069900
2022-08-11,145.77000,145.89000,143.47000,143.61000,2554000
2022-08-12,144.66000,146.67999,144.39000,146.46001,3290300
2022-08-15,145.99001,146.89000,145.53999,146.69000,2574100
2022-08-16,145.52000,146.92999,144.81000,146.63000,2925100
2022-08-17,145.45000,146.91000,145.25000,145.55000,2509500
2022-08-18,145.00000,147.39999,144.59000,146.86000,3177000
2022-08-19,145.85001,146.96001,145.39999,146.37000,2663200
2022-08-22,145.19000,145.89999,144.34000,144.58000,3515600
2022-08-23,144.58000,145.22000,143.74001,143.86000,1880300
2022-08-24,143.50999,146.50999,142.86000,145.33000,4701700
2022-08-25,145.31000,147.33000,143.78999,147.07001,2760200
2022-08-26,147.09000,148.03999,142.78999,143.02000,4347700
2022-08-29,142.98000,146.57001,142.50000,144.89000,3082800
2022-08-30,144.59000,145.75999,143.31000,145.52000,3358600
2022-08-31,145.94000,147.21001,143.75999,143.96001,6215000
2022-09-01,143.49001,144.80000,142.31000,143.92000,4492900
2022-09-02,144.38000,145.77000,141.23000,141.98000,4497100
2022-09-06,142.28999,143.34000,140.94000,141.91000,3897500
2022-09-07,142.80000,145.95000,142.63000,145.50000,4102800
2022-09-08,145.81000,147.53000,144.39999,145.37000,4326000
2022-09-09,147.14999,147.32001,142.42999,145.70000,5585400
2022-09-12,146.66000,146.98000,143.41000,145.14999,4513100
2022-09-13,142.49001,143.44000,137.48000,137.74001,6206700
2022-09-14,139.38000,142.17000,139.09000,141.92999,5726900
2022-09-15,141.89999,143.05000,140.82001,141.02000,4373800
2022-09-16,138.22000,140.59000,137.50000,139.95000,9607100
2022-09-19,139.00000,140.83000,138.82001,140.71001,3709100
2022-09-20,140.75000,141.09000,139.30000,139.64000,4205200
2022-09-21,140.28999,140.87000,136.67000,136.77000,4542800
2022-09-22,135.98000,136.44000,134.10001,135.05000,4566500
2022-09-23,133.71001,133.75999,130.42999,132.33000,6091300
2022-09-26,131.56000,133.13000,131.02000,132.32001,5177500
2022-09-27,132.32001,133.99001,131.73000,132.67999,4239600
2022-09-28,134.46001,136.71001,133.28000,135.52000,5573300
2022-09-29,135.35001,135.37000,132.96001,134.64000,5602900
2022-09-30,134.95000,136.20000,133.97000,134.17000,6201000
2022-10-03,136.25999,139.88000,136.12000,138.89999,5543900
2022-10-04,139.78999,142.69000,139.56000,142.53999,5648600
2022-10-05,140.30000,141.89000,138.00000,141.23000,4454600
2022-10-06,140.39999,141.88000,138.85001,139.42000,4533500
2022-10-07,138.92000,139.28999,137.03999,137.59000,4945800
2022-10-10,137.59000,138.86000,137.12000,137.73000,3785800
2022-10-11,137.97000,138.59000,136.85001,137.14999,4564800
2022-10-12,136.56000,136.75999,132.78999,132.94000,6461300
2022-10-13,130.81000,134.10001,129.55000,133.08000,6342000
2022-10-14,135.11000,135.47000,131.44000,131.52000,5650100
2022-10-17,133.23000,135.64999,133.23000,133.84000,5775300
2022-10-18,136.09000,136.67999,134.49001,136.16000,4273000
2022-10-19,136.03000,136.82001,135.37000,135.74001,3916100
2022-10-20,135.94000,137.27000,134.97000,136.02000,4800300
2022-10-21,135.03000,136.67999,134.88000,136.46001,4198600
2022-10-24,137.32001,139.83000,137.21001,139.32001,4176300
2022-10-25,140.00000,141.89999,139.74001,140.63000,5738500
2022-10-26,142.00000,142.73000,140.50000,140.84000,6662300
2022-10-27,140.20000,142.87000,140.11000,140.63000,7425300
2022-10-28,148.00000,151.92999,147.23000,151.00000,13902800
2022-10-31,150.00000,152.07001,147.24001,151.56000,8396000
2022-11-01,152.99001,154.14000,151.50000,152.28000,5502400
2022-11-02,152.57001,154.38000,149.98000,150.02000,6342100
2022-11-03,148.81000,150.28000,148.03999,148.17000,4937500
2022-11-04,148.50000,149.71001,146.14999,148.83000,7357000
2022-11-07,149.75000,150.42000,148.83000,149.78000,5150100
2022-11-08,150.00000,150.96001,148.42000,149.89999,3246500
2022-11-09,149.28000,150.44000,148.44000,148.64000,4848900
2022-11-10,151.89000,152.00000,148.14000,150.45000,6440900
2022-11-11,149.96001,150.14000,145.05000,146.19000,7576700
2022-11-14,146.25000,147.32001,144.66000,145.46001,6535800
2022-11-15,147.59000,149.16000,143.08000,145.00000,6421400
2022-11-16,145.31000,147.27000,144.64000,144.88000,4687300
2022-11-17,143.25999,148.56000,143.25999,147.77000,6115200
2022-11-18,148.81000,150.31000,148.46001,148.83000,3756500
2022-11-21,149.44000,151.07001,148.87000,149.88000,5312700
2022-11-22,150.09000,151.77000,149.50000,151.60001,3234700
2022-11-23,151.05000,152.17000,149.75999,150.12000,3026700
2022-11-25,151.17000,151.78999,150.22000,151.05000,1481200
2022-11-28,151.00999,152.21001,149.44000,149.89999,4909000
2022-11-29,149.06000,149.60001,147.82001,148.62000,5339000
2022-11-30,148.20000,151.89000,147.67000,151.46001,7464500
2022-12-01,152.25999,153.36000,150.96001,151.81000,3812600
2022-12-02,149.62000,152.55000,149.62000,152.41000,3046600
2022-12-05,151.80000,152.39999,149.89999,150.62000,3103800
2022-12-06,150.61000,150.87000,148.31000,149.39000,3161700
2022-12-07,150.00999,150.73000,148.33000,148.78999,4646100
2022-12-08,148.49001,148.75000,143.14999,143.81000,7332400
2022-12-09,143.33000,144.20000,141.20000,141.57001,6986800
2022-12-12,143.03999,143.39999,141.03999,142.39999,4053900
2022-12-13,144.73000,144.98000,140.17999,140.58000,10037600
2022-12-14,140.78000,144.49001,140.71001,142.36000,7511800
2022-12-15,141.97000,144.00999,139.92999,140.20000,6130400
2022-12-16,138.64000,143.13000,138.10001,142.36000,15119400
2022-12-19,142.81000,144.25000,141.25999,141.62000,5643700
2022-12-20,141.99001,142.44000,140.17000,140.34000,3925300
2022-12-21,141.67000,142.14999,139.48000,141.47000,4327400
2022-12-22,140.57001,140.78999,137.73000,139.53000,4692300
2022-12-23,139.50999,140.64999,138.61000,140.02000,1857900
2022-12-27,140.50999,141.50000,139.92999,140.99001,2784400
2022-12-28,140.99001,141.41000,138.81000,138.98000,2628300
2022-12-29,139.72000,140.50000,139.12000,139.39999,2617300
2022-12-30,138.98000,140.11000,138.28000,140.00000,2565400
2023-01-03,139.00000,140.09000,136.25999,139.03999,8245300
2023-01-04,140.50000,140.98000,137.36000,139.96001,6900800
2023-01-05,140.63000,145.12000,140.16000,144.48000,9254700
2023-01-06,145.78999,149.47000,145.78999,148.57001,6539600
2023-01-09,148.02000,150.23000,147.75000,148.77000,4977100
2023-01-10,148.97000,149.89999,147.74001,149.56000,3779400
2023-01-11,149.50000,149.85001,148.12000,148.80000,4451500
2023-01-12,147.77000,150.09000,146.55000,149.91000,4269400
2023-01-13,149.91000,150.57001,148.25999,149.67999,6543800
2023-01-17,149.17999,149.17999,146.64000,146.98000,5482000
2023-01-18,146.13000,147.74001,145.50000,145.89999,4543400
2023-01-19,145.17999,145.67000,143.66000,145.14000,5345700
2023-01-20,142.41000,145.50999,142.39000,145.12000,5878200
2023-01-23,145.64999,145.83000,143.85001,144.37000,5306400
2023-01-24,143.83000,146.53999,143.00999,145.81000,3851700
2023-01-25,145.73000,148.53999,145.20000,148.07001,4352500
2023-01-26,147.89000,149.19000,147.49001,148.69000,3808400
2023-01-27,148.06000,148.20000,146.17000,146.73000,4061700
2023-01-30,145.91000,147.95000,145.34000,146.98000,4485200
2023-01-31,147.58000,149.97000,147.48000,149.31000,6073000
2023-02-01,149.14999,152.14999,148.49001,150.97000,7111300
2023-02-02,150.02000,150.17999,145.77000,146.95000,8665700
2023-02-03,146.19000,146.67999,144.34000,145.19000,5557500
2023-02-06,141.47000,143.27000,141.47000,141.97000,6314200
2023-02-07,140.86000,143.37000,140.25000,142.99001,4952100
2023-02-08,142.06000,144.16000,141.82001,143.81000,4014500
2023-02-09,144.99001,145.30000,142.73000,142.85001,4146600
2023-02-10,143.36000,143.94000,142.59000,143.70000,3558000
2023-02-13,144.50000,146.60001,144.00000,146.58000,3547900
2023-02-14,145.89000,147.59000,144.89000,147.49001,4195500
2023-02-15,146.74001,148.00000,146.52000,147.55000,5334700
2023-02-16,145.70000,148.05000,145.27000,146.73000,4689200
2023-02-17,147.08000,149.39999,146.92000,149.35001,4617700
2023-02-21,148.25000,148.53999,145.50000,147.09000,5648800
2023-02-22,147.86000,148.45000,146.64999,147.33000,3540100
2023-02-23,146.41000,146.42999,142.63000,144.73000,5563000
2023-02-24,143.23000,144.56000,142.21001,144.41000,4593600
2023-02-27,144.53999,146.00000,143.85001,144.13000,5287900
2023-02-28,143.21001,144.31000,142.11000,142.17999,5648900
2023-03-01,141.83000,142.48000,140.08000,141.28999,4353800
2023-03-02,140.87000,141.39000,140.53999,141.14999,4621300
2023-03-03,142.27000,142.44000,141.00000,141.89999,4250300
2023-03-06,141.95000,144.27000,141.64000,143.72000,4498100
2023-03-07,143.67000,144.12000,141.88000,142.87000,4682100
2023-03-08,143.42999,144.03999,142.31000,143.17999,4393100
2023-03-09,143.80000,143.85001,140.69000,141.09000,5816500
2023-03-10,141.22000,142.07001,139.00000,139.50999,6332200
2023-03-13,140.09000,142.39999,139.67000,139.73000,6706400
2023-03-14,141.30000,143.19000,140.91000,143.00999,6487700
2023-03-15,143.47000,144.92999,142.72000,144.42000,7801500
2023-03-16,142.95000,143.57001,141.14999,141.50999,8213900
2023-03-17,141.27000,142.89000,140.49001,142.45000,9163900
2023-03-20,142.92999,146.03000,142.74001,145.61000,5601700
2023-03-21,146.17999,146.64000,144.25000,144.67000,5559100
2023-03-22,144.95000,145.67999,143.42000,143.46001,4630600
2023-03-23,143.00999,143.85001,141.17000,142.30000,6064400
2023-03-24,141.91000,142.92999,140.72000,142.53999,4406800
2023-03-27,143.41000,144.85001,143.00999,143.89999,4945900
2023-03-28,143.57001,143.95000,142.63000,142.78999,3462500
2023-03-29,143.86000,144.06000,143.46001,143.81000,3965000
2023-03-30,144.34000,145.10001,143.82001,144.57001,4601900
2023-03-31,144.89999,145.28000,144.48000,144.84000,5228100
2023-04-03,145.00000,146.80000,144.50999,146.75999,5674600
2023-04-04,145.59000,146.38000,142.77000,146.31000,6955000
2023-04-05,147.02000,150.06000,147.02000,149.12000,8223600
2023-04-06,149.39999,149.95000,148.44000,149.61000,4263500
2023-04-10,149.14999,150.00000,147.88000,149.99001,4984500
2023-04-11,150.00000,150.28999,149.53000,149.95000,5550100
2023-04-12,149.71001,150.70000,149.25000,149.50999,4717300
2023-04-13,149.67000,150.56000,148.83000,150.37000,3490800
2023-04-14,149.78999,150.14999,149.20000,149.59000,3227400
2023-04-17,150.37000,150.50000,149.59000,150.49001,2888400
2023-04-18,151.13000,151.66000,150.10001,150.32001,3267600
2023-04-19,150.24001,150.48000,148.64999,148.78000,4931500
2023-04-20,146.78999,147.75000,144.89000,145.94000,6716100
2023-04-21,144.89999,146.57001,144.89999,146.22000,4323600
2023-04-24,146.13000,146.77000,145.62000,145.86000,3889300
2023-04-25,146.27000,149.17999,146.20000,148.00000,6394500
2023-04-26,146.19000,148.94000,145.66000,148.28000,4522500
2023-04-27,148.85001,150.45000,148.75999,149.94000,6332800
2023-04-28,146.50000,147.02000,143.35001,143.89999,9431700
2023-05-01,144.53000,144.57001,142.61000,143.21001,5810900
2023-05-02,143.00000,143.20000,140.09000,140.36000,6764600
2023-05-03,140.59000,141.22000,139.69000,139.91000,5568400
2023-05-04,140.13000,141.75999,140.13000,141.25999,4849300
2023-05-05,141.50000,143.89999,141.12000,143.56000,5091900
2023-05-08,144.00000,144.31000,142.72000,144.17999,4526500
2023-05-09,143.81000,144.08000,141.75000,142.03000,5038300
2023-05-10,142.50000,143.25000,140.99001,142.03000,4738000
2023-05-11,141.72000,143.41000,141.72000,142.70000,4137800
2023-05-12,142.95000,144.23000,142.77000,144.12000,3914800
2023-05-15,143.74001,144.84000,143.39999,144.62000,4065200
2023-05-16,144.52000,144.94000,142.87000,143.70000,3657900
2023-05-17,144.44000,144.50000,140.86000,141.58000,6752600
2023-05-18,140.49001,140.85001,136.34000,138.17999,11619800
2023-05-19,138.63000,140.14999,138.02000,139.03000,7738300
2023-05-22,139.85001,142.17000,136.92999,141.60001,8884800
2023-05-23,140.92999,141.77000,140.32001,141.37000,5300200
2023-05-24,141.39999,141.67000,139.89000,140.00000,4794600
2023-05-25,136.42999,137.30000,134.92000,135.75999,9328400
2023-05-26,135.24001,136.48000,134.10001,135.14999,8849000
2023-05-30,134.17000,135.78999,133.71001,135.12000,6874700
2023-05-31,136.14000,138.73000,135.32001,137.25000,7811200
2023-06-01,137.36000,139.20000,137.17999,138.91000,6245500
2023-06-02,129.00000,131.35001,124.92000,131.19000,37260200
2023-06-05,132.00000,133.00999,130.89000,132.22000,9068400
2023-06-06,131.19000,131.92000,127.39000,128.53999,11129200
2023-06-07,128.84000,129.00000,126.05000,126.55000,11273700
2023-06-08,128.00000,130.41000,127.79000,130.32001,8757700
2023-06-09,130.42000,131.89999,130.00000,131.36000,5623000
2023-06-12,131.69000,131.80000,129.46001,130.78000,4451900
2023-06-13,130.70000,130.70000,129.14999,129.88000,5139100
2023-06-14,129.52000,129.70000,127.72000,128.05000,8696300
2023-06-15,130.50999,133.25000,129.60001,132.75999,8904800
2023-06-16,131.16000,132.07001,130.69000,130.92999,13014800
2023-06-20,131.37000,131.89999,129.84000,131.23000,7027600
2023-06-21,131.00000,133.85001,130.99001,132.67999,6577800
2023-06-22,132.96001,134.48000,132.67999,134.34000,4841700
2023-06-23,133.70000,134.60001,132.60001,132.80000,5331200
2023-06-26,133.14999,134.98000,132.99001,134.85001,4426700
2023-06-27,135.00000,136.60001,134.85001,136.17000,4046300
2023-06-28,136.25000,136.34000,135.12000,136.27000,3263300
2023-06-29,135.95000,137.28000,135.91000,136.84000,3071400
2023-06-30,137.25999,139.17999,137.00999,138.89999,4841700
2023-07-03,138.92000,139.89000,138.17000,139.33000,1862600
2023-07-05,138.83000,139.64999,137.91000,139.56000,3324300
2023-07-06,138.64000,139.72000,138.55000,139.16000,3108600
2023-07-07,138.50000,139.95000,137.89000,138.97000,3070500
2023-07-10,139.03000,140.35001,138.07001,138.34000,5624700
2023-07-11,137.92000,140.08000,137.91000,140.02000,3639600
2023-07-12,140.72000,141.25000,139.57001,140.89000,4288500
2023-07-13,141.09000,141.20000,139.13000,140.69000,3423500
2023-07-14,138.97000,140.34000,138.46001,139.67999,4053300
2023-07-17,139.32001,139.64999,137.77000,138.00000,4908900
2023-07-18,138.09000,140.46001,137.50999,138.45000,5261800
2023-07-19,139.70000,140.42000,137.36000,137.58000,4857600
2023-07-20,138.35001,141.27000,138.35001,140.10001,5448900
2023-07-21,140.85001,141.84000,140.09000,140.89999,12713200
2023-07-24,140.57001,142.49001,140.53999,141.37000,5012000
2023-07-25,142.31000,142.84000,140.89000,142.47000,4271700
2023-07-26,141.38000,141.75000,139.77000,141.09000,4436400
2023-07-27,141.97000,142.53999,139.39000,139.88000,5560900
2023-07-28,138.88000,142.14000,138.34000,140.87000,7683100
2023-07-31,140.60001,140.60001,137.19000,137.77000,5633900
2023-08-01,138.11000,138.45000,135.84000,137.25999,4167300
2023-08-02,137.30000,137.30000,135.27000,135.78000,4810100
2023-08-03,135.48000,135.97000,134.71001,135.37000,2753600
2023-08-04,135.78999,136.47000,134.46001,134.60001,3255600
2023-08-07,135.46001,137.17999,135.00999,136.64999,3554400
2023-08-08,136.49001,137.57001,136.19000,136.25999,3242500
2023-08-09,136.23000,138.36000,136.08000,137.71001,4092900
2023-08-10,138.64999,139.44000,137.58000,137.73000,2492800
2023-08-11,137.08000,138.57001,137.02000,138.34000,2897000
2023-08-14,138.95000,139.89000,138.16000,139.50000,3117800
2023-08-15,138.71001,139.60001,138.17999,138.58000,2664500
2023-08-16,138.92999,139.67999,138.22000,138.25000,2755600
2023-08-17,138.66000,139.13000,136.17000,136.37000,3916300
2023-08-18,136.33000,137.37000,135.63000,136.14000,3632500
2023-08-21,135.81000,136.60001,134.73000,135.55000,4141100
2023-08-22,135.03000,135.34000,134.21001,135.16000,3239900
2023-08-23,136.22000,136.81000,135.75999,136.33000,3267800
2023-08-24,134.99001,136.28000,133.22000,133.32001,6200000
2023-08-25,132.84000,133.96001,131.47000,133.35001,5732600
2023-08-28,134.30000,135.31000,134.03999,135.17999,3975300
2023-08-29,135.50000,137.07001,135.02000,136.74001,3502300
2023-08-30,137.42000,137.83000,136.72000,137.39000,3185200
2023-08-31,137.70000,138.09000,135.99001,136.25000,6627300
2023-09-01,137.06000,137.67000,136.24001,137.33000,3039800
2023-09-05,137.33000,138.78999,136.50000,136.89000,3881200
2023-09-06,137.05000,138.98000,132.39999,134.13000,10514700
2023-09-07,134.85001,139.96001,134.50000,137.28000,8462200
2023-09-08,137.89000,139.38000,136.77000,137.63000,4273100
2023-09-11,138.31000,141.25999,138.03999,140.25999,5271800
2023-09-12,140.47000,140.61000,138.87000,140.11000,4862500
2023-09-13,140.44000,142.14000,139.78999,141.50000,5427100
2023-09-14,141.75999,144.13000,141.17000,143.12000,7191200
2023-09-15,143.97000,144.92999,141.45000,141.92999,19544200
2023-09-18,143.24001,143.49001,140.63000,140.81000,4000800
2023-09-19,141.00000,142.50000,140.20000,142.47000,5252800
2023-09-20,142.77000,143.05000,141.42000,142.07001,3396100
2023-09-21,141.92999,143.07001,139.94000,139.99001,4297400
2023-09-22,139.31000,140.28999,139.30000,139.35001,3175300
2023-09-25,138.73000,140.03999,138.17999,140.00999,3910500
2023-09-26,140.00999,141.28000,139.63000,140.46001,4661000
2023-09-27,140.31000,140.84000,138.63000,139.70000,3396900
2023-09-28,140.23000,140.75999,139.22000,139.70000,2791900
2023-09-29,139.67000,140.89000,139.56000,140.05000,2804800
2023-10-02,139.92000,140.49001,138.53999,139.25999,2935500
2023-10-03,138.75999,138.75999,136.21001,136.42999,4468200
2023-10-04,136.42999,138.42000,135.82001,138.06000,3559400
2023-10-05,138.19000,138.55000,136.84000,137.42999,3686000
2023-10-06,137.23000,139.46001,136.86000,139.03000,4870900
2023-10-09,139.27000,140.70000,138.72000,140.14000,3800500
2023-10-10,140.23000,142.47000,140.12000,142.41000,3761800
2023-10-11,142.24001,143.53000,141.71001,143.12000,3752500
2023-10-12,143.56000,143.89000,139.74001,141.14000,4125900
2023-10-13,141.74001,142.42000,140.52000,141.67000,3181200
2023-10-16,142.88000,143.67999,142.06000,143.24001,3009200
2023-10-17,143.33000,144.16000,141.48000,142.77000,3663800
2023-10-18,142.45000,142.64000,139.58000,139.69000,5464100
2023-10-19,139.86000,140.08000,137.75000,137.84000,6731800
2023-10-20,138.41000,138.88000,136.85001,136.99001,5724800
2023-10-23,136.92000,139.06000,136.92000,137.74001,3353100
2023-10-24,139.03999,141.31000,138.70000,141.07001,5045100
2023-10-25,143.23000,143.31000,137.69000,140.99001,9277900
2023-10-26,139.44000,143.30000,138.42000,142.86000,7252000
2023-10-27,142.94000,143.39000,139.20000,140.00000,5429700
2023-10-30,141.32001,142.27000,139.47000,141.57001,4830400
2023-10-31,141.53999,144.23000,141.28999,143.86000,3971900
2023-11-01,144.59000,145.42999,143.42000,145.05000,4277100
2023-11-02,145.00000,146.55000,143.89999,146.50000,4880400
2023-11-03,147.63000,148.17999,146.75000,147.49001,4323900
2023-11-06,147.59000,148.66000,147.06000,147.34000,3253900
2023-11-07,147.67000,147.98000,146.87000,147.13000,3504000
2023-11-08,147.00000,147.71001,146.03999,146.64000,3558600
2023-11-09,146.47000,147.60001,146.22000,146.89000,3347200
2023-11-10,147.35001,147.77000,145.92000,147.61000,4010900
2023-11-13,147.49001,147.88000,146.59000,147.21001,3151900
2023-11-14,148.02000,148.50000,146.45000,147.00999,5262800
2023-11-15,146.80000,147.50000,145.77000,147.20000,4675000
2023-11-16,148.95000,149.28999,147.07001,147.49001,3641000
2023-11-17,147.96001,148.57001,147.12000,147.71001,3267800
2023-11-20,147.78999,148.92999,147.24001,148.50000,4007700
2023-11-21,149.42999,149.45000,148.14000,148.61000,3112300
2023-11-22,149.02000,149.60001,148.67000,148.91000,2913800
2023-11-24,148.88000,149.41000,148.30000,148.98000,1341400
2023-11-27,148.98000,149.45000,148.14999,148.80000,3923200
2023-11-28,148.36000,148.92999,147.96001,148.38000,3096900
2023-11-29,148.97000,149.62000,148.59000,149.55000,4326500
2023-11-30,148.31000,150.67000,148.19000,150.45000,5596100
2023-12-01,150.28999,152.84000,150.28999,152.25000,4391200
2023-12-04,151.42999,153.42999,151.38000,152.80000,4127700
2023-12-05,152.85001,154.53000,151.98000,154.00000,4577400
2023-12-06,154.92999,155.62000,153.69000,155.50000,5433600
2023-12-07,155.84000,156.91000,155.05000,156.36000,4232200
2023-12-08,156.81000,157.00000,154.24001,156.39999,3791300
2023-12-11,158.05000,160.23000,158.00000,158.85001,5170800
2023-12-12,159.81000,161.19000,159.02000,160.44000,5049300
2023-12-13,159.95000,160.32001,158.57001,159.55000,5195300
2023-12-14,158.46001,158.57001,156.20000,156.87000,5758600
2023-12-15,156.87000,157.39000,154.89999,156.14999,11044900
2023-12-18,156.42999,157.36000,155.05000,156.25999,4072300
2023-12-19,156.14999,156.74001,155.34000,155.87000,2722800
2023-12-20,156.17999,156.66000,154.12000,154.53999,3866600
2023-12-21,155.25000,155.39000,154.27000,154.92999,3213600
2023-12-22,155.16000,156.17999,154.32001,155.71001,2783900
2023-12-26,155.11000,157.28000,153.84000,156.83000,2991200
2023-12-27,156.02000,158.52000,155.81000,157.94000,3575700
2023-12-28,158.17000,159.31000,157.75000,158.95000,3013000
2023-12-29,158.85001,160.88000,158.37000,160.33000,3867900
2024-01-02,160.33000,163.00000,160.33000,161.91000,5049700
2024-01-03,163.00000,164.50000,161.87000,162.08000,4608600
2024-01-04,162.85001,163.57001,162.17999,162.30000,4068700
2024-01-05,162.25000,163.45000,161.74001,163.37000,4552800
2024-01-08,163.47000,163.99001,162.32001,163.41000,4135100
2024-01-09,163.05000,163.80000,161.70000,163.20000,4102500
2024-01-10,163.20000,163.69000,161.81000,163.28999,4502200
2024-01-11,163.00000,163.13000,161.83000,162.17000,3662000
2024-01-12,163.39999,163.75000,162.27000,162.53999,3394300
2024-01-16,161.82001,163.24001,160.10001,163.08000,4839800
2024-01-17,163.11000,165.09000,162.75999,164.27000,5598000
2024-01-18,162.62000,165.38000,162.27000,164.89000,4041000
2024-01-19,164.38000,165.95000,164.20000,165.16000,4332300
2024-01-22,165.30000,165.75000,164.25999,164.38000,5253300
2024-01-23,164.95000,165.78999,163.45000,163.74001,6194000
2024-01-24,163.52000,164.64999,161.87000,162.00000,5743000
2024-01-25,162.67000,163.44000,161.99001,162.56000,7629700
2024-01-26,159.92000,165.69000,159.59000,162.16000,8882500
2024-01-29,161.69000,163.56000,159.49001,163.09000,6604100
2024-01-30,162.52000,163.78000,161.57001,161.70000,6502700
2024-01-31,162.33000,162.86000,160.46001,161.23000,5427200
2024-02-01,161.23000,163.00000,160.24001,162.50000,5104000
2024-02-02,162.74001,163.23000,161.28999,161.78000,4164200
2024-02-05,160.14999,162.20000,159.91000,162.00999,4311400
2024-02-06,161.88000,162.36000,160.59000,161.00000,4142300
2024-02-07,161.75000,162.30000,160.80000,161.78000,3686800
2024-02-08,161.78000,162.00000,159.22000,160.92999,4052200
2024-02-09,161.48000,162.64000,160.28000,162.19000,4475500
2024-02-12,162.14000,162.37000,161.10001,161.75999,3261900
2024-02-13,162.14000,162.91000,159.98000,161.48000,4783600
2024-02-14,161.72000,161.99001,160.92000,161.42000,3782500
2024-02-15,161.72000,162.09000,160.85001,161.57001,3363600
2024-02-16,161.23000,161.36000,159.62000,160.41000,4594300
2024-02-20,161.30000,163.36000,161.30000,162.05000,4066700
2024-02-21,162.81000,164.08000,162.73000,164.05000,3928000
2024-02-22,163.37000,164.50000,162.78999,163.55000,4394800
2024-02-23,163.38000,165.50999,163.38000,164.34000,3910500
2024-02-26,163.20000,164.38000,162.89999,163.91000,3907600
2024-02-27,163.53000,164.67000,162.94000,164.62000,3403800
2024-02-28,164.21001,164.57001,163.16000,163.80000,3354000
2024-02-29,164.42999,164.50000,162.45000,163.30000,5128400
2024-03-01,162.69000,163.75999,162.02000,163.37000,3298400
2024-03-04,162.69000,163.78999,162.34000,163.34000,3531400
2024-03-05,164.41000,166.77000,163.57001,165.89999,9049500
2024-03-06,165.80000,168.13000,165.80000,167.42000,5924100
2024-03-07,168.44000,168.64000,164.08000,164.39000,5953800
2024-03-08,164.27000,165.44000,163.50000,163.99001,4444700
2024-03-11,164.10001,165.60001,163.13000,164.75999,4138100
2024-03-12,164.28999,164.64999,163.34000,163.67999,3800300
2024-03-13,164.08000,164.92999,163.48000,164.09000,4441400
2024-03-14,163.11000,163.38000,161.92999,162.86000,3967400
2024-03-15,163.23000,164.89999,161.67000,161.81000,9849300
2024-03-18,161.88000,162.02000,159.37000,161.14999,4803000
2024-03-19,161.81000,162.00000,160.64999,160.74001,3232800
2024-03-20,160.67999,161.59000,160.12000,161.16000,4007600
2024-03-21,161.63000,161.92999,160.16000,160.92999,3312400
2024-03-22,161.47000,161.53000,158.84000,160.61000,3546400
2024-03-25,160.31000,161.37000,160.13000,161.12000,4183800
2024-03-26,160.62000,161.73000,159.86000,161.10001,4195900
2024-03-27,162.23000,162.48000,161.34000,162.00999,4479800
2024-03-28,162.95000,163.74001,162.00999,163.22000,3919700
2024-04-01,163.22000,163.28999,161.60001,162.67000,3256800
2024-04-02,161.92000,162.38000,161.19000,162.08000,4124900
2024-04-03,161.89999,163.41000,161.53000,163.25999,3245900
2024-04-04,163.88000,164.52000,161.42000,161.61000,3331600
2024-04-05,161.38000,162.32001,160.30000,161.11000,3180600
2024-04-08,159.91000,161.77000,159.50999,160.89999,4012000
2024-04-09,161.09000,161.58000,160.07001,161.00000,3359000
2024-04-10,161.03000,161.03000,159.38000,160.38000,4438900
2024-04-11,160.57001,160.98000,159.75999,160.69000,4790900
2024-04-12,160.12000,160.87000,159.61000,160.05000,3827400
2024-04-15,162.00000,162.00000,159.38000,159.82001,4494600
2024-04-16,160.60001,160.60001,159.14000,159.78999,3810400
2024-04-17,159.58000,160.64999,159.41000,160.09000,4098300
2024-04-18,160.06000,161.50999,160.06000,160.85001,3246600
2024-04-19,161.46001,162.39000,160.70000,162.33000,5126100
2024-04-22,163.85001,164.61000,162.11000,162.36000,3701900
2024-04-23,162.69000,163.87000,162.35001,163.25000,4165100
2024-04-24,162.59000,164.55000,162.16000,164.17999,4713700
2024-04-25,164.77000,165.19000,161.70000,164.05000,5817300
2024-04-26,162.21001,164.17000,160.62000,163.96001,7969000
2024-04-29,163.78000,164.70000,163.21001,164.25000,3451400
2024-04-30,164.25000,164.45000,163.07001,164.17000,4122400
2024-05-01,164.50000,166.50000,163.99001,165.47000,6020800
2024-05-02,166.31000,166.31000,164.52000,164.91000,3449800
2024-05-03,164.91000,165.24001,163.56000,164.60001,4274900
2024-05-06,164.19000,164.85001,161.81000,162.37000,6022300
2024-05-07,162.75000,162.81000,161.61000,162.19000,4611400
2024-05-08,162.50000,164.09000,162.25000,162.83000,5106000
2024-05-09,163.25000,164.72000,162.49001,164.67999,4774700
2024-05-10,164.41000,164.94000,163.53000,164.20000,3084800
2024-05-13,164.99001,164.99001,162.72000,163.35001,3686200
2024-05-14,163.95000,164.50000,161.72000,162.41000,4657200
2024-05-15,162.98000,164.03999,162.50999,162.67999,4647400
2024-05-16,162.88000,163.67999,162.14999,163.58000,3217700
2024-05-17,163.11000,164.00000,162.56000,164.00000,2921400
2024-05-20,164.07001,164.20000,163.14999,163.89999,2983400
2024-05-21,164.32001,164.73000,163.64999,164.36000,3218000
2024-05-22,163.67000,165.87000,163.25999,165.50000,4197800
2024-05-23,164.38000,165.60001,164.21001,164.97000,3629200
2024-05-24,165.21001,166.20000,164.75999,166.00000,3722100
2024-05-28,165.53999,168.71001,165.37000,167.31000,5729300
2024-05-29,167.61000,169.11000,167.13000,168.88000,6166000
2024-05-30,169.17000,171.07001,168.47000,170.70000,6208500
2024-05-31,170.09000,175.28000,169.75999,174.96001,8684300
2024-06-03,174.50000,178.47000,171.17999,173.08000,7801600
2024-06-04,173.08000,178.85001,173.07001,177.91000,7238200
2024-06-05,179.02000,181.17000,178.27000,180.27000,8973500
2024-06-06,180.27000,182.67000,179.39999,179.77000,7651300
2024-06-07,179.52000,180.66000,179.27000,179.82001,5994200
2024-06-10,179.92999,182.31000,179.25000,180.69000,6774800
2024-06-11,180.75000,180.89999,178.03999,178.39999,7331000
2024-06-12,176.88000,177.21001,171.17999,173.78999,10923100
2024-06-13,174.17999,175.39999,173.17999,175.11000,5444700
2024-06-14,175.03000,176.08000,174.21001,175.99001,4045200
2024-06-17,175.99001,178.83000,174.81000,177.38000,6591900
2024-06-18,177.87000,178.25000,175.57001,177.61000,5712000
2024-06-20,176.50999,179.02000,175.77000,176.44000,6596400
2024-06-21,175.46001,177.42000,174.12000,176.73000,12269700
2024-06-24,177.45000,178.75000,176.17000,177.95000,5958300
2024-06-25,178.46001,178.80000,177.25999,177.63000,5673300
2024-06-26,177.00999,177.52000,173.77000,176.31000,5316600
2024-06-27,176.31000,177.61000,175.71001,177.42000,3157400
2024-06-28,177.67999,178.87000,176.11000,176.17999,5172300
2024-07-01,177.59000,179.17000,176.73000,179.08000,3257400
2024-07-02,178.12000,180.00000,177.70000,179.98000,3317400
2024-07-03,178.87000,179.60001,178.00000,178.46001,1652900
2024-07-05,178.91000,179.48000,177.92999,179.24001,3256500
2024-07-08,179.03999,179.92999,178.24001,179.17000,2370200
2024-07-09,179.67999,180.31000,178.46001,179.05000,2940800
2024-07-10,178.64000,181.08000,178.64000,180.52000,3338400
2024-07-11,179.25000,180.82001,177.91000,178.81000,4758300
2024-07-12,179.44000,180.78999,178.55000,179.53999,3043900
2024-07-15,178.75000,182.34000,178.67000,181.75000,4028300
2024-07-16,181.97000,183.82001,181.25000,182.98000,5437500
2024-07-17,183.75999,185.42000,182.25999,183.56000,5228500
2024-07-18,183.63000,183.80000,181.72000,182.28999,4236900
2024-07-19,182.22000,183.24001,181.94000,182.05000,2494900
2024-07-22,181.42000,181.69000,176.78000,177.44000,4391100
2024-07-23,177.62000,177.64999,175.71001,176.56000,3621200
2024-07-24,177.06000,177.53000,174.23000,176.89000,4499600
2024-07-25,178.25000,180.33000,175.02000,175.14000,4166300
2024-07-26,175.69000,176.55000,173.83000,175.53000,3117200
2024-07-29,175.71001,177.03000,175.07001,176.87000,2400800
2024-07-30,177.59000,177.89000,173.74001,175.36000,4848100
2024-07-31,180.33000,182.75000,176.89000,182.28000,8036700
2024-08-01,181.87000,187.50999,181.82001,187.07001,5228400
2024-08-02,189.00000,193.77000,188.30000,188.75999,7922800
2024-08-05,192.37000,193.48000,185.39000,186.87000,6523000
2024-08-06,186.95000,192.64999,186.52000,189.86000,4492100
2024-08-07,189.86000,193.92999,189.86000,190.59000,4685900
2024-08-08,190.44000,193.84000,190.00000,193.61000,5437100
2024-08-09,193.67000,194.38000,192.11000,194.20000,2802200
2024-08-12,194.20000,195.24001,193.25999,194.95000,2870800
2024-08-13,195.70000,195.92999,193.88000,195.33000,3736900
2024-08-14,194.98000,197.03000,194.48000,196.49001,3248100
2024-08-15,196.32001,196.83000,192.88000,194.63000,4673300
2024-08-16,194.39000,196.73000,193.39000,196.56000,3161700
2024-08-19,197.16000,198.78999,196.33000,197.58000,2786400
2024-08-20,196.81000,198.07001,196.14000,196.22000,2885500
2024-08-21,196.37000,197.12000,195.21001,195.46001,3252500
2024-08-22,195.89000,197.14999,195.17999,196.44000,3034900
2024-08-23,197.75000,199.14999,196.49001,198.58000,2481100
2024-08-26,199.00000,200.60001,199.00000,200.42999,2537500
2024-08-27,201.14000,204.11000,200.24001,204.03000,3687000
2024-08-28,205.28000,205.28000,201.08000,201.41000,4062900
2024-08-29,201.41000,201.41000,199.27000,200.08000,3340100
2024-08-30,199.97000,200.67999,196.75999,198.72000,3915100
2024-09-03,199.61000,201.55000,199.32001,200.53000,3572900
2024-09-04,200.84000,202.30000,197.75000,198.80000,3275400
2024-09-05,198.50000,199.28000,196.16000,197.17999,3573100
2024-09-06,197.38000,197.70000,192.61000,193.00000,5336900
2024-09-09,193.27000,196.02000,193.27000,195.30000,3839600
2024-09-10,195.71001,196.89999,194.55000,196.50000,3024500
2024-09-11,196.55000,198.86000,194.41000,198.53999,4037500
2024-09-12,199.39000,202.63000,199.14000,202.41000,3733500
2024-09-13,202.00000,203.25000,200.72000,202.83000,1935400
2024-09-16,204.95000,206.31000,203.64999,205.85001,2867600
2024-09-17,205.16000,205.49001,201.78000,202.70000,3619500
2024-09-18,202.75000,206.10001,195.47000,196.67999,7300300
2024-09-19,199.08000,201.45000,197.00000,199.64000,6172700
2024-09-20,198.12000,199.67999,197.46001,199.44000,12281900
2024-09-23,199.10001,202.88000,198.69000,202.46001,4545600
2024-09-24,201.00000,203.73000,200.88000,201.44000,4411300
2024-09-25,202.31000,203.89000,201.71001,203.31000,2666800
2024-09-26,202.49001,208.16000,201.82001,203.25000,2629200
2024-09-27,203.25000,205.72000,202.81000,205.17999,3158000
2024-09-30,206.32001,207.47000,204.71001,206.36000,3243600
2024-10-01,205.30000,206.35001,202.77000,206.10001,3702000
2024-10-02,205.87000,208.36000,205.39000,208.08000,2245100
2024-10-03,207.46001,209.25999,207.44000,208.03000,2902100
2024-10-04,207.21001,208.73000,206.17999,208.28000,2654800
2024-10-07,207.70000,210.08000,207.41000,208.33000,2651400
2024-10-08,208.70000,212.24001,208.70000,211.17000,3310400
2024-10-09,211.17000,213.47000,210.50999,212.09000,2243600
2024-10-10,213.46001,215.17999,210.94000,211.45000,2601700
2024-10-11,212.66000,213.84000,212.17000,213.03999,1778500
2024-10-14,214.00000,216.25000,213.73000,215.91000,2655700
2024-10-15,215.91000,218.33000,215.64000,217.03000,3382500
2024-10-16,216.25999,220.69000,216.09000,219.75999,2730100
2024-10-17,220.67000,222.73000,219.89999,221.95000,3177700
2024-10-18,221.50000,223.45000,220.91000,223.21001,3334300
2024-10-21,222.74001,223.91000,221.28999,222.77000,4614400
2024-10-22,218.95000,221.12000,218.71001,219.00999,6066900
2024-10-23,217.53000,221.82001,216.73000,220.95000,5245700
2024-10-24,223.39999,234.39999,221.00000,233.56000,6920400
2024-10-25,233.55000,234.56000,225.24001,226.36000,6478100
2024-10-28,228.53999,228.56000,226.48000,227.81000,2732300
2024-10-29,227.72000,228.75999,225.78000,226.05000,3150700
2024-10-30,225.44000,225.73000,222.49001,222.77000,4218000
2024-10-31,223.34000,225.86000,222.62000,223.16000,4152400
2024-11-01,223.00000,224.58000,222.60001,223.28000,2922100
2024-11-04,224.38000,225.00000,223.30000,224.25000,2453900
2024-11-05,226.09000,227.31000,224.95000,227.11000,2864800
2024-11-06,230.50000,232.95000,229.24001,232.19000,4115900
2024-11-07,232.05000,233.30000,230.00000,231.49001,2561700
2024-11-08,233.67999,236.74001,233.17000,235.31000,3452000
2024-11-11,235.89000,239.13000,234.85001,238.32001,3383000
2024-11-12,237.96001,239.13000,236.25999,239.00000,4226700
2024-11-13,239.25999,241.09000,238.50000,240.88000,3820300
2024-11-14,241.00999,242.44000,237.53000,237.75000,3925000
2024-11-15,238.12000,239.17999,235.05000,235.61000,3939900
2024-11-18,236.92000,239.00000,234.56000,237.03000,2442400
2024-11-19,237.03000,237.03000,232.83000,233.20000,3830100
2024-11-20,233.20000,235.63000,233.20000,235.47000,2603100
2024-11-21,235.67000,237.33000,233.94000,236.58000,2490100
2024-11-22,236.44000,239.69000,236.28000,238.28000,2540800
2024-11-25,239.34000,240.82001,238.50999,239.94000,5513100
2024-11-26,241.81000,245.17000,241.47000,244.92000,3251100
2024-11-27,245.14000,248.14999,243.91000,246.20000,3346600
2024-11-29,245.81000,247.48000,244.44000,246.94000,1806000
2024-12-02,246.94000,247.82001,243.50999,244.82001,3263900
2024-12-03,244.97000,246.14999,243.69000,244.85001,2668800
2024-12-04,244.46001,245.00000,242.17000,243.08000,2682900
2024-12-05,243.00000,245.05000,242.03000,243.94000,2676200
2024-12-06,244.14999,245.56000,243.57001,243.78000,2177100
2024-12-09,242.99001,243.84000,228.09000,228.86000,6267400
2024-12-10,234.84000,235.62000,230.61000,233.50000,5352700
2024-12-11,233.19000,236.82001,233.03000,234.34000,3439400
2024-12-12,231.13000,233.94000,230.02000,233.27000,4067600
2024-12-13,232.80000,232.80000,230.73000,231.94000,2895400
2024-12-16,233.09000,233.33000,228.37000,229.47000,4489700
2024-12-17,229.32001,229.70000,218.92000,220.71001,7729800
2024-12-18,219.39999,223.20000,219.32001,220.69000,5197100
2024-12-19,220.06000,221.75000,217.78999,218.00000,4957700
2024-12-20,218.00000,221.47000,217.99001,220.31000,9116100
2024-12-23,219.89000,222.41000,217.89000,221.66000,3081600
2024-12-24,221.80000,223.70000,221.19000,223.00999,1411800
2024-12-26,221.00000,224.67000,220.53000,223.67999,1902600
2024-12-27,222.10001,224.06000,221.25999,223.02000,2150000
2024-12-30,222.77000,223.02000,219.22000,220.66000,2160900
2024-12-31,220.16000,221.67000,219.88000,220.73000,2119900
2025-01-02,222.17999,222.52000,218.64999,219.53000,2850500
2025-01-03,221.14999,221.35001,218.87000,219.11000,2737900
2025-01-06,213.45000,215.00000,208.39000,212.38000,5639700
2025-01-07,211.38000,215.42999,211.38000,212.34000,5039300
2025-01-08,214.23000,215.75999,212.20000,215.52000,3270000
2025-01-10,212.63000,213.45000,209.83000,211.30000,4175400
2025-01-13,211.33000,215.41000,210.71001,213.46001,3645000
2025-01-14,213.42999,214.64000,211.34000,214.17999,3537400
2025-01-15,216.14000,217.56000,213.88000,214.20000,3116000
2025-01-16,213.39000,216.74001,213.39000,215.75000,2411200
2025-01-17,219.21001,219.50000,217.64000,218.97000,4259900
2025-01-21,218.24001,220.28000,218.13000,219.49001,3700400
2025-01-22,219.19000,220.86000,218.08000,218.17999,4124000
2025-01-23,218.66000,219.41000,215.37000,216.03999,3628400
2025-01-24,216.85001,218.60001,215.74001,218.57001,3118500
2025-01-27,216.78999,223.33000,216.78999,221.42999,4153100
2025-01-28,220.21001,224.16000,218.80000,221.14000,3975500
2025-01-29,238.00000,241.39999,233.23000,235.14999,8859500
2025-01-30,239.21001,240.84000,233.97000,234.37000,4205200
2025-01-31,234.50000,235.48000,231.00000,232.97000,3337900
2025-02-03,235.94000,238.35001,232.60001,238.10001,3720000
2025-02-04,236.31000,240.84000,235.39000,237.25000,3285900
2025-02-05,237.85001,242.70000,237.64000,242.42999,3130700
2025-02-06,243.61000,247.60001,243.42000,247.17000,3272200
2025-02-07,247.50000,250.50000,246.10001,246.24001,3434400
2025-02-10,254.92999,256.48001,251.25000,255.83000,4887600
2025-02-11,255.12000,259.45999,253.35001,258.70001,2598200
2025-02-12,256.39001,259.59000,255.16000,255.28000,3220000
2025-02-13,255.05000,266.00000,255.00000,265.07999,3859900
2025-02-14,266.69000,271.41000,264.39999,270.82001,4835300
2025-02-18,270.00000,270.75000,262.54999,263.20999,3879300
2025-02-19,262.70001,264.25000,259.82999,263.35001,3787700
2025-02-20,263.00000,265.75000,262.16000,265.39999,2794700
2025-02-21,265.44000,267.66000,263.50000,265.17001,3554300
2025-02-24,267.97000,273.39999,267.57001,268.13000,4141300
2025-02-25,269.23001,272.70001,268.28000,270.54001,3516500
2025-02-26,266.17001,267.50000,261.95999,263.57999,4473400
2025-02-27,263.23001,266.29001,262.14001,264.17001,3562000
2025-02-28,266.26999,269.98999,263.89001,269.69000,4721100
2025-03-03,269.29001,276.48999,269.29001,272.82999,4025400
2025-03-04,273.12000,274.95001,264.45001,264.64999,4694600
2025-03-05,261.01001,263.54001,257.48001,262.73999,5161000
2025-03-06,261.48001,263.97000,259.32999,262.95001,3276500
2025-03-07,262.42999,266.60999,261.32999,265.23999,3289600
2025-03-10,263.98999,271.59000,263.35001,266.63000,5173500
2025-03-11,258.79999,259.92001,252.52000,256.67001,5171100
2025-03-12,254.50999,256.95999,248.25999,255.61000,3983000
2025-03-13,256.73001,263.28000,256.26001,259.10001,4196600
2025-03-14,253.49001,257.45999,252.49001,255.98000,3511100
2025-03-17,254.28999,261.76999,252.92999,260.17001,4329700
2025-03-18,261.39999,261.98001,257.82001,260.73001,3088900
2025-03-19,262.29001,262.48999,258.76001,259.25000,2926800
2025-03-20,258.32999,259.00000,256.41000,257.03000,3729100
2025-03-21,254.44000,258.44000,254.33000,255.84000,9207000
2025-03-24,258.81000,260.82999,257.60001,258.95999,2896900
2025-03-25,257.12000,261.10999,256.42001,258.75000,2987900
2025-03-26,260.53000,264.95001,260.45001,262.51001,4683500
2025-03-27,262.92001,268.73999,262.92001,268.28000,4228500
2025-03-28,270.34000,270.82999,264.28000,264.92999,3322700
2025-03-31,264.70999,268.10001,264.60001,266.70999,4073200
2025-04-01,265.95001,268.70001,262.63000,268.54001,3025400
2025-04-02,268.50000,268.51001,262.42001,264.56000,2969500
2025-04-03,265.20001,272.60001,264.94000,267.89001,5652100
2025-04-04,267.91000,269.64999,247.37000,248.11000,7948500
2025-04-07,243.16000,256.95001,242.81000,246.67000,8149000
2025-04-08,252.31000,253.80000,243.86000,246.30000,6018000
2025-04-09,243.00000,255.56000,238.64999,254.89999,8590400
2025-04-10,256.13000,260.23001,251.42999,256.12000,5406600
2025-04-11,257.63000,260.12000,255.63000,258.67001,3987300
2025-04-14,259.50000,265.17001,258.51999,262.64001,3845400
2025-04-15,264.47000,267.95999,263.17999,266.70999,3130500
2025-04-16,266.23001,267.26999,258.95999,259.64001,3362700
2025-04-17,259.72000,265.39999,259.09000,262.04001,3489600
2025-04-21,260.39001,261.73999,250.87000,253.48000,3656300
2025-04-22,253.14000,259.32001,253.00000,258.29999,4762500
2025-04-23,254.00000,262.60999,252.67000,259.35001,4562300
2025-04-24,259.75000,263.79001,258.07001,262.17999,5047200
2025-04-25,243.14999,243.81000,230.64000,232.77000,13561400
2025-04-28,231.69000,237.32001,231.53999,236.77000,5825900
2025-04-29,236.71001,241.91000,235.42000,241.59000,3900800
2025-04-30,244.73000,247.55000,241.72000,246.95000,4440500
2025-05-01,245.27000,247.10001,242.39999,247.00000,3603400
2025-05-02,247.73000,250.22000,246.23000,248.88000,2801100
2025-05-05,248.80000,249.37000,246.50000,248.30000,2311500
2025-05-06,247.50999,254.16000,247.19000,253.80000,2903200
2025-05-07,252.71001,253.72000,250.28000,251.25999,4042100
2025-05-08,252.17999,252.64000,247.44000,247.49001,3520700
2025-05-09,247.49001,248.16000,243.67000,243.81000,3278300
2025-05-12,238.82001,240.33000,236.00000,240.32001,5373100
2025-05-13,239.25999,240.28000,235.89999,237.34000,4712800
2025-05-14,233.84000,235.55000,232.24001,235.28999,4168900
2025-05-15,237.12000,242.44000,236.42000,240.16000,5215000
2025-05-16,240.52000,243.32001,238.64000,242.66000,4402200
2025-05-19,243.00000,246.02000,242.91000,244.25000,4238000
2025-05-20,245.12000,245.63000,239.12000,241.21001,4787700
2025-05-21,241.21001,243.23000,239.00999,240.75999,4110000
2025-05-22,241.53000,242.06000,239.44000,240.82001,3200600
2025-05-23,241.00999,243.35001,238.58000,242.88000,4174000
2025-05-27,243.78999,245.89000,242.22000,243.36000,3717400
2025-05-28,243.10001,243.50999,241.06000,241.50999,2468600
2025-05-29,241.82001,241.82001,236.74001,239.30000,3127400
2025-05-30,239.58000,243.32001,238.42999,242.20000,8313500
2025-06-02,239.57001,243.37000,238.89999,243.06000,2578800
2025-06-03,241.97000,244.42999,241.42999,243.88000,3630900
2025-06-04,244.48000,245.20000,241.95000,241.96001,3413900
2025-06-05,241.89000,246.25999,241.16000,244.89999,2855300
2025-06-06,246.88000,247.55000,244.52000,245.86000,2022500
2025-06-09,244.66000,244.92000,237.87000,237.95000,4538600
2025-06-10,237.00000,237.77000,234.67000,236.98000,3766900
2025-06-11,236.31000,236.49001,229.81000,230.94000,6709600
2025-06-12,232.49001,232.49001,227.52000,228.70000,5369000
2025-06-13,228.50000,229.67000,226.14999,228.00000,4379800
2025-06-16,228.25999,231.61000,227.81000,230.99001,3777800
2025-06-17,221.89999,222.50000,220.00000,221.42999,12423600
2025-06-18,222.23000,223.00000,220.56000,220.99001,5600300
2025-06-20,222.11000,223.20000,220.89999,221.52000,8936700
2025-06-23,223.00000,227.63000,222.49001,226.98000,7469000
2025-06-24,227.59000,230.34000,226.59000,229.82001,5128400
2025-06-25,229.42000,231.28999,228.75999,230.89999,5428600
2025-06-26,231.00000,231.60001,229.00000,231.42000,4342400
2025-06-27,230.72000,236.34000,230.42000,235.25000,6496300
2025-06-30,234.49001,238.62000,234.23000,238.25999,5118400
2025-07-01,238.41000,243.28000,238.08000,241.50999,4536400
2025-07-02,240.00000,241.00000,236.80000,237.42000,3414400
2025-07-03,236.97000,241.35001,236.60001,240.75000,1998800
2025-07-07,239.97000,240.27000,236.60001,237.63000,2958400
2025-07-08,236.21001,236.78999,233.61000,235.97000,3020800
2025-07-09,234.92999,235.20000,231.39999,232.31000,3938100
2025-07-10,231.50000,231.50000,227.02000,228.14999,5528200
2025-07-11,228.38000,229.11000,226.10001,227.75999,3093700
2025-07-14,227.69000,229.64000,227.48000,228.14999,3118000
2025-07-15,226.67000,227.08000,225.28000,226.02000,3429800
2025-07-16,226.50000,229.37000,226.47000,228.74001,5793100
2025-07-17,227.61000,229.28999,225.94000,227.03000,3509300
2025-07-18,228.71001,228.78999,226.24001,227.21001,3773600
2025-07-21,229.83000,233.97000,229.61000,232.62000,4431100
2025-07-22,233.64000,238.16000,232.78000,233.25000,4004400
2025-07-23,233.17000,234.95000,230.72000,233.92999,5621000
2025-07-24,244.00000,251.75000,243.50000,247.50000,8623200
2025-07-25,248.25999,249.91000,243.10001,243.55000,5205200
2025-07-28,242.58000,242.96001,237.28000,238.19000,3702900
2025-07-29,239.17000,241.30000,237.80000,239.25000,3563600
2025-07-30,239.33000,242.78999,238.59000,241.58000,4213000
2025-07-31,239.38000,242.05000,238.12000,238.41000,4079200
2025-08-01,240.44000,242.00999,236.91000,237.20000,3481400
2025-08-04,237.74001,241.39999,237.08000,241.00999,3755500
2025-08-05,240.92999,241.49001,236.83000,238.92999,3775600
2025-08-06,238.34000,241.89999,235.56000,239.22000,5160200
2025-08-07,239.61000,243.17999,238.50999,242.92999,4061800
2025-08-08,243.22000,246.75000,242.95000,244.98000,4261600
2025-08-11,245.74001,249.00999,245.48000,248.87000,3976100
2025-08-12,249.50000,252.59000,248.30000,252.28000,4620300
2025-08-13,252.50000,254.03000,250.45000,250.84000,3152600
2025-08-14,251.58000,252.50000,249.28000,250.31000,2951500
2025-08-15,251.12000,256.19000,250.30000,254.63000,3939400
2025-08-18,255.61000,256.73001,254.03999,255.17999,3309200
2025-08-19,255.14999,258.45999,254.20000,258.22000,3641900
2025-08-20,259.94000,261.56000,258.73001,259.01001,3875900
2025-08-21,258.06000,259.50000,257.01001,258.16000,3330400
2025-08-22,259.95999,261.25000,251.14000,251.95000,3984800
2025-08-25,253.10001,253.39000,249.88000,251.74001,4295700
2025-08-26,251.58000,251.83000,249.42000,251.20000,6515000
2025-08-27,249.78000,252.27000,249.57001,251.36000,3212400
2025-08-28,250.72000,251.64999,249.38000,250.56000,3595100
2025-08-29,249.03000,253.14999,248.86000,251.99001,3204900
2025-09-02,251.70000,258.66000,251.20000,255.89000,4055600
2025-09-03,253.31000,254.41000,251.32001,252.66000,3822900
2025-09-04,254.21001,256.69000,250.75000,252.12000,3349100
2025-09-05,252.83000,255.74001,251.61000,252.75999,3294200
2025-09-08,241.13000,247.25000,237.39999,242.89999,6313600
2025-09-09,242.53000,243.72000,240.84000,242.72000,3651800
2025-09-10,241.89000,242.89999,238.50000,240.38000,4942000
2025-09-11,240.24001,242.34000,239.52000,241.39000,4321900
2025-09-12,240.09000,242.82001,239.67999,241.72000,3085700
2025-09-15,241.39000,244.24001,238.42000,239.74001,3062500
2025-09-16,239.88000,240.14999,236.14999,237.62000,3639600
2025-09-17,238.89999,240.82001,238.33000,239.45000,3422300
2025-09-18,237.53000,240.74001,237.21001,238.83000,3545100
2025-09-19,238.83000,239.78999,236.44000,238.17000,7442100
2025-09-22,237.03000,240.32001,235.11000,237.44000,4686900
2025-09-23,236.60001,240.78000,234.75999,239.49001,4668000
2025-09-24,238.19000,242.37000,236.99001,238.39999,3683400
2025-09-25,240.17000,242.31000,237.24001,237.94000,3824400
2025-09-26,238.99001,240.25999,236.64000,237.47000,2543300
2025-09-29,237.46001,239.82001,237.07001,237.96001,3835800
2025-09-30,237.96001,240.44000,237.80000,239.38000,4382800
2025-10-01,239.39999,240.95000,231.56000,233.25999,5206700
2025-10-02,232.53999,233.25999,229.72000,230.14000,4325500
2025-10-03,230.02000,230.82001,227.11000,230.27000,3767100
2025-10-06,228.57001,229.06000,222.25999,224.96001,6171700
2025-10-07,225.00000,228.95000,223.58000,227.67999,3942400
2025-10-08,226.70000,226.88000,224.39000,226.58000,4059800
2025-10-09,226.37000,228.07001,225.00000,226.21001,3303700
2025-10-10,227.24001,231.02000,225.84000,228.78999,5106300
2025-10-13,228.87000,229.98000,224.06000,225.06000,4698300
2025-10-14,230.00000,230.64999,226.98000,229.42000,3894200
2025-10-15,229.17999,229.53000,226.37000,226.64999,3286600
2025-10-16,229.78999,230.07001,225.25000,226.45000,4217400
2025-10-17,227.14999,229.95000,226.67999,229.33000,3446600
2025-10-20,228.92999,230.53999,226.39999,230.09000,4561300
2025-10-21,230.09000,230.50999,227.64000,229.08000,3580500
2025-10-22,225.42999,227.89000,218.77000,227.39999,6674900
2025-10-23,225.75000,225.92999,215.82001,219.99001,9826400
2025-10-24,220.00999,220.22000,215.60001,217.77000,5884400
2025-10-27,216.98000,221.64000,215.55000,220.67999,5968200
2025-10-28,218.92000,222.83000,218.25000,219.99001,4467700
2025-10-29,220.53999,221.37000,212.12000,215.00999,8834600
2025-10-30,215.22000,215.98000,209.58000,210.64999,6235200
2025-10-31,209.28999,211.85001,207.64000,210.05000,4956500
2025-11-03,209.31000,209.39999,202.73000,203.32001,7093300
2025-11-04,204.23000,206.85001,203.49001,206.28999,4937400
2025-11-05,205.61000,207.25999,204.11000,204.74001,3463900
2025-11-06,202.21001,203.48000,199.41000,201.00999,5909700
2025-11-07,202.67000,208.58000,201.58000,207.00000,6464100
2025-11-10,206.19000,207.19000,204.47000,205.87000,4079700
2025-11-11,208.10001,212.21001,207.50000,211.98000,5043100
2025-11-12,211.71001,214.70000,210.67999,212.67999,3554700
2025-11-13,212.00000,216.78999,211.61000,214.57001,5551500
2025-11-14,217.46001,218.17999,214.48000,216.08000,4880800
2025-11-17,215.91000,218.33000,215.00999,215.84000,7379900
2025-11-18,216.98000,216.98000,212.05000,213.08000,5857300
2025-11-19,212.67000,213.25999,210.16000,211.27000,3684000
2025-11-20,211.32001,212.32001,209.89000,210.50999,5259300
2025-11-21,208.03999,211.36000,206.67999,209.48000,6286900
2025-11-24,208.88000,209.25000,205.52000,207.34000,8026400
2025-11-25,207.71001,209.80000,206.50000,206.89999,6278400
2025-11-26,205.77000,207.39999,205.33000,206.73000,4002900
2025-11-28,206.73000,210.49001,206.23000,209.00999,1633900
2025-12-01,208.97000,209.11000,205.57001,206.63000,3025900
2025-12-02,207.60001,210.62000,205.81000,210.13000,4076800
2025-12-03,209.63000,211.81000,207.28000,208.50999,3999400
2025-12-04,209.36000,210.00000,206.71001,208.00999,3694300
2025-12-05,208.06000,211.63000,207.67000,209.63000,3461500
2025-12-08,209.53000,209.70000,203.67000,204.44000,4613200
2025-12-09,205.53999,206.14999,199.17000,201.35001,6483800
2025-12-10,202.45000,202.72000,194.89000,195.32001,8175800
2025-12-11,196.64999,197.75000,194.64999,195.33000,4627700
2025-12-12,194.24001,197.88000,194.00999,195.16000,4635300
2025-12-15,195.99001,197.96001,194.30000,196.16000,5157600
2025-12-16,196.94000,199.67999,195.96001,198.00000,5685800
2025-12-17,198.00999,201.34000,197.97000,199.38000,6266200
2025-12-18,199.19000,202.37000,199.19000,200.27000,6862900
2025-12-19,200.85001,201.25999,196.11000,196.73000,17206100
2025-12-22,195.81000,197.20000,194.71001,195.75999,4712200
2025-12-23,195.85001,197.96001,195.75999,197.67000,4403800
2025-12-24,197.64999,199.14000,197.08000,199.02000,1312000
2025-12-26,199.14999,201.06000,198.74001,201.00000,1979500
2025-12-29,201.70000,204.17999,201.42999,203.14999,4402000
2025-12-30,202.07001,204.21001,201.67999,203.80000,3037800
2025-12-31,202.50000,204.24001,202.00000,203.03999,3239500
2026-01-02,202.25000,202.69000,199.03000,199.58000,3826100
2026-01-05,199.17000,202.44000,198.42999,200.86000,4021800
2026-01-06,200.20000,200.94000,197.16000,198.60001,3240400
2026-01-07,198.60001,199.87000,195.62000,197.28999,3737400
2026-01-08,196.61000,199.55000,195.74001,197.91000,5185100
2026-01-09,196.48000,202.05000,196.39999,200.56000,3829900
2026-01-12,200.34000,200.77000,196.47000,197.50999,5271100
2026-01-13,197.22000,197.39000,188.12000,189.67000,7654200
2026-01-14,189.14999,192.14000,189.00000,192.02000,5292400
2026-01-15,192.36000,192.69000,189.16000,190.66000,5450000
2026-01-16,190.20000,190.49001,185.17999,186.32001,8248300
2026-01-20,185.36000,186.59000,183.34000,183.64999,9026900
2026-01-21,182.99001,184.87000,181.36000,183.60001,8188000
2026-01-22,183.75000,186.31000,183.75000,185.39000,6502700
2026-01-23,184.49001,186.94000,183.89999,186.03000,4827900
2026-01-26,186.98000,188.86000,186.64999,187.96001,4772100
2026-01-27,187.14999,187.53999,183.25999,184.49001,6791300
2026-01-28,185.13000,188.13000,184.49001,186.25000,7418900
2026-01-29,186.56000,190.08000,186.25000,189.28000,5917000
2026-01-30,193.32001,197.32001,192.70000,197.21001,10733400
2026-02-02,196.63000,199.39999,194.09000,194.99001,7820900
2026-02-03,193.13000,199.52000,193.13000,197.67999,6009700
2026-02-04,201.50999,203.20000,198.73000,201.78999,7878500
2026-02-05,202.67000,204.82001,199.75000,201.86000,7196300
2026-02-06,201.50000,202.48000,196.82001,197.39000,5081600
2026-02-09,196.71001,198.24001,195.12000,197.66000,4728500
2026-02-10,196.50000,199.71001,196.17000,199.42999,6747600
2026-02-11,191.33000,210.48000,188.14999,209.53999,12960800
2026-02-12,212.89000,220.85001,212.86000,214.67999,15729200
2026-02-13,216.27000,219.98000,214.59000,219.50000,8332900
2026-02-17,220.80000,224.28999,219.20000,219.61000,6489600
2026-02-18,220.17999,220.60001,212.89999,213.25000,7436400
2026-02-19,216.17000,218.53000,213.61000,215.30000,4818200
2026-02-20,214.31000,215.97000,212.05000,215.46001,5429900
2026-02-23,217.14000,220.97000,216.84000,219.95000,5272100
2026-02-24,221.13000,224.75000,220.27000,221.98000,6832400
2026-02-25,221.23000,223.56000,218.10001,218.66000,4793900
2026-02-26,218.19000,218.50000,212.17000,213.14999,6626600
2026-02-27,213.42999,217.36000,212.67000,217.09000,6916400
2026-03-02,217.00000,219.34000,213.75000,216.11000,5413800
2026-03-03,214.61000,219.57001,214.00000,218.53000,5904300
2026-03-04,217.74001,222.09000,217.07001,219.71001,7407200
2026-03-05,218.19000,221.80000,216.98000,220.53999,5431400
2026-03-06,220.35001,221.92000,217.98000,221.57001,3535900
2026-03-09,220.00000,220.17000,215.08000,217.50000,5228500
2026-03-10,217.17000,219.16000,216.00000,218.78000,3345500
2026-03-11,219.00000,219.00000,212.21001,213.44000,4696200
2026-03-12,212.99001,215.17999,211.14000,214.37000,3805600
2026-03-13,214.42000,217.67000,214.28000,217.39000,2831000
2026-03-16,217.03000,217.03000,209.39000,214.82001,4561300
2026-03-17,216.11000,218.27000,213.17000,213.35001,4093700
2026-03-18,211.92999,212.37000,205.50000,206.62000,5606500
2026-03-19,208.31000,210.21001,202.95000,206.59000,7623100
2026-03-20,206.39000,209.75999,206.03999,208.47000,13798000
2026-03-23,207.86000,209.67999,205.71001,208.75999,5531000
2026-03-24,208.44000,213.58000,208.44000,211.25999,4756200
2026-03-25,211.87000,212.75999,210.12000,211.36000,4000000
2026-03-26,212.58000,213.47000,210.92999,211.59000,5201900
2026-03-27,212.91000,214.02000,210.66000,210.82001,6055100
2026-03-30,211.66000,216.35001,210.92999,213.94000,5900000
2026-03-31,213.88000,214.62000,207.78999,210.03000,7070000
2026-04-01,208.42000,209.32001,201.09000,204.25000,7038500
2026-04-02,205.81000,205.81000,198.69000,201.39999,4384000
2026-04-06,200.48000,202.20000,198.06000,198.61000,3780200
2026-04-07,197.55000,201.85001,197.06000,200.53999,4481300
2026-04-08,200.39000,203.31000,196.20000,197.63000,7107100
2026-04-09,197.88000,200.32001,196.37000,197.53999,5869300
2026-04-10,197.88000,198.53999,194.21001,195.71001,3995300
2026-04-13,195.92000,195.92000,190.80000,192.42999,5844100
2026-04-14,190.14000,191.45000,187.80000,190.00000,6603700
2026-04-15,189.80499,192.13000,188.80000,191.85001,2358701
