date,open,high,low,close,volume
2023-09-25,261.00000,267.70001,258.39999,264.14999,322668
2023-09-26,262.39999,267.50000,262.39999,264.14999,120802
2023-09-27,265.39999,270.50000,261.85001,268.89999,314459
2023-09-28,269.89999,271.04999,261.00000,262.10001,280270
2023-09-29,263.35001,265.50000,262.00000,264.75000,146536
2023-10-03,264.75000,265.50000,257.89999,259.39999,235034
2023-10-04,259.39999,260.29999,252.20000,255.35001,232006
2023-10-05,255.95000,260.50000,252.05000,254.80000,246093
2023-10-06,255.25000,257.50000,254.95000,256.54999,120982
2023-10-09,254.00000,254.00000,247.05000,249.60001,291218
2023-10-10,251.05000,259.45001,251.05000,257.89999,170671
2023-10-11,258.79999,280.50000,258.00000,269.95001,1724384
2023-10-12,272.39999,287.00000,272.04999,281.95001,1569930
2023-10-13,283.00000,284.85001,277.54999,279.45001,475868
2023-10-16,279.00000,297.95001,276.39999,294.75000,1829638
2023-10-17,297.35001,302.95001,289.00000,298.20001,1303073
2023-10-18,298.39999,300.60001,290.50000,294.54999,939137
2023-10-19,294.00000,297.00000,288.95001,289.85001,654012
2023-10-20,289.29999,301.29999,282.35001,284.89999,820253
2023-10-23,286.00000,288.45001,265.00000,266.60001,717771
2023-10-25,268.35001,273.79999,263.29999,269.95001,698823
2023-10-26,265.35001,284.50000,264.10001,283.20001,1096709
2023-10-27,280.00000,284.85001,279.00000,281.20001,225376
2023-10-30,283.00000,283.39999,274.00000,275.14999,171755
2023-10-31,276.54999,282.45001,275.45001,277.54999,187688
2023-11-01,278.79999,278.79999,270.29999,272.35001,191851
2023-11-02,275.00000,282.00000,275.00000,280.00000,305444
2023-11-03,281.39999,287.10001,279.00000,282.79999,268753
2023-11-06,285.00000,286.70001,278.04999,282.85001,296779
2023-11-07,284.70001,293.70001,283.35001,288.10001,370231
2023-11-08,291.00000,291.54999,282.75000,286.85001,346560
2023-11-09,288.29999,292.45001,284.10001,285.14999,364726
2023-11-10,284.95001,287.45001,278.39999,285.95001,218283
2023-11-13,265.10001,265.50000,258.35001,263.10001,1126547
2023-11-15,262.79999,271.70001,262.64999,269.89999,599473
2023-11-16,269.89999,274.50000,267.25000,270.75000,316182
2023-11-17,270.75000,272.54999,267.50000,268.10001,270909
2023-11-20,268.14999,269.79999,262.54999,263.95001,350671
2023-11-21,265.20001,268.35001,262.04999,263.29999,163964
2023-11-22,263.00000,265.45001,259.60001,263.89999,161457
2023-11-23,263.89999,266.39999,261.10001,263.85001,154893
2023-11-24,263.85001,270.20001,262.50000,265.04999,212621
2023-11-28,265.00000,268.75000,263.00000,265.50000,199376
2023-11-29,266.70001,273.04999,264.39999,267.85001,211588
2023-11-30,269.50000,269.85001,265.75000,267.14999,196732
2023-12-01,268.29999,278.85001,268.29999,274.04999,354101
2023-12-04,277.39999,277.39999,266.54999,268.54999,244431
2023-12-05,268.60001,281.39999,267.54999,278.95001,713908
2023-12-06,282.14999,285.70001,277.00000,278.70001,459150
2023-12-07,278.70001,282.70001,273.85001,279.50000,312972
2023-12-08,281.50000,287.00000,278.89999,282.70001,457218
2023-12-11,286.00000,293.60001,285.04999,289.20001,456927
2023-12-12,290.89999,294.00000,279.04999,280.60001,375451
2023-12-13,280.60001,286.45001,280.60001,285.10001,160875
2023-12-14,287.45001,291.39999,285.50000,290.14999,352852
2023-12-15,292.00000,294.70001,289.70001,292.60001,262729
2023-12-18,292.60001,302.85001,290.20001,296.95001,833255
2023-12-19,296.04999,306.60001,295.00000,296.20001,495530
2023-12-20,297.79999,311.00000,285.00000,287.85001,1307921
2023-12-21,288.00000,297.39999,288.00000,295.60001,404098
2023-12-22,298.29999,302.79999,292.54999,296.39999,327661
2023-12-26,297.89999,302.00000,296.25000,300.50000,292356
2023-12-27,303.20001,309.89999,297.20001,299.64999,269351
2023-12-28,302.29999,302.29999,296.60001,301.10001,243922
2023-12-29,300.00000,303.64999,297.85001,299.35001,168618
2024-01-01,298.25000,306.50000,295.85001,300.00000,281631
2024-01-02,300.00000,301.45001,290.50000,292.04999,292140
2024-01-03,292.04999,295.39999,290.00000,290.89999,235676
2024-01-04,292.50000,295.95001,288.79999,294.89999,304631
2024-01-05,295.00000,299.50000,292.00000,297.79999,401469
2024-01-08,298.00000,300.00000,289.54999,292.50000,322523
2024-01-09,293.00000,296.85001,292.00000,295.64999,174851
2024-01-10,293.14999,306.79999,290.00000,295.95001,747522
2024-01-11,294.20001,298.89999,289.85001,293.00000,395539
2024-01-12,294.20001,294.95001,285.25000,291.29999,820628
2024-01-15,291.29999,316.00000,291.29999,313.25000,1341396
2024-01-16,315.89999,321.39999,303.89999,309.20001,920011
2024-01-17,306.39999,309.89999,298.00000,300.54999,372873
2024-01-18,300.00000,308.00000,296.54999,301.60001,308380
2024-01-19,302.14999,320.00000,295.50000,314.25000,976461
2024-01-23,314.25000,315.29999,292.00000,294.20001,551064
2024-01-24,295.70001,299.10001,291.64999,296.54999,324361
2024-01-25,298.14999,306.00000,297.54999,303.60001,380387
2024-01-29,305.10001,313.95001,303.50000,311.20001,329770
2024-01-30,313.00000,331.00000,313.00000,324.79999,1136494
2024-01-31,326.00000,329.10001,318.10001,320.85001,388351
2024-02-01,323.00000,323.50000,305.25000,307.79999,367439
2024-02-02,298.00000,301.00000,286.45001,293.70001,1749268
2024-02-05,288.25000,289.89999,271.60001,277.00000,1383168
2024-02-06,280.75000,283.70001,275.95001,278.64999,425630
2024-02-07,279.00000,280.39999,273.60001,276.10001,493521
2024-02-08,278.14999,278.14999,270.89999,271.70001,277376
2024-02-09,273.00000,275.39999,267.14999,273.79999,251688
2024-02-12,275.85001,276.79999,262.54999,264.79999,277887
2024-02-13,262.50000,273.45001,256.29999,270.04999,264938
2024-02-14,268.00000,273.00000,264.75000,270.70001,174826
2024-02-15,270.75000,277.14999,270.35001,274.70001,174522
2024-02-16,277.10001,280.45001,274.85001,278.50000,154952
2024-02-19,279.79999,279.79999,274.50000,275.64999,88042
2024-02-20,277.00000,277.00000,271.39999,273.60001,131685
2024-02-21,275.00000,275.25000,267.70001,269.14999,135564
2024-02-22,269.14999,270.54999,263.00000,268.14999,222368
2024-02-23,269.00000,271.04999,267.04999,267.75000,92937
2024-02-26,265.50000,272.70001,265.50000,269.64999,102503
2024-02-27,268.00000,274.00000,268.00000,272.79999,104521
2024-02-28,274.00000,278.00000,268.14999,270.25000,220914
2024-02-29,270.25000,272.00000,264.10001,267.00000,189330
2024-03-01,269.45001,275.29999,269.10001,271.20001,82577
2024-03-04,273.00000,274.70001,267.64999,269.75000,155667
2024-03-05,270.04999,282.39999,270.04999,281.20001,344583
2024-03-06,282.89999,282.89999,270.54999,273.54999,114227
2024-03-07,273.54999,275.39999,272.39999,273.35001,67370
2024-03-11,273.04999,274.64999,266.04999,266.29999,121480
2024-03-12,265.00000,265.79999,259.00000,263.75000,127796
2024-03-13,265.95001,265.95001,246.30000,250.25000,271431
2024-03-14,250.20000,261.00000,246.20000,259.20001,184698
2024-03-15,257.50000,261.70001,250.95000,257.20001,98945
2024-03-18,257.20001,258.50000,247.75000,251.45000,248702
2024-03-19,251.45000,254.75000,248.70000,249.50000,72618
2024-03-20,250.20000,252.80000,249.05000,249.64999,109164
2024-03-21,251.25000,256.25000,251.25000,253.30000,125421
2024-03-22,253.30000,255.00000,251.30000,254.05000,79984
2024-03-26,254.50000,254.50000,249.70000,250.55000,115220
2024-03-27,252.00000,252.20000,249.00000,250.75000,372076
2024-03-28,250.00000,254.00000,245.05000,246.64999,219856
2024-04-01,248.64999,258.04999,248.64999,257.10001,183484
2024-04-02,258.00000,263.70001,256.29999,262.14999,138105
2024-04-03,262.89999,266.14999,262.14999,264.10001,130579
2024-04-04,265.00000,271.89999,263.79999,266.60001,194939
2024-04-05,265.00000,272.79999,263.50000,271.79999,94611
2024-04-08,273.54999,273.60001,268.04999,270.00000,66129
2024-04-09,270.00000,272.75000,266.50000,267.25000,72788
2024-04-10,270.00000,277.50000,268.00000,272.45001,216883
2024-04-12,272.39999,272.50000,265.04999,267.14999,146442
2024-04-15,265.00000,265.45001,259.60001,263.00000,125802
2024-04-16,260.10001,264.70001,260.10001,262.60001,54241
2024-04-18,262.60001,266.00000,256.70001,257.20001,159309
2024-04-19,255.89999,255.95000,253.05000,254.05000,77062
2024-04-22,255.39999,261.70001,255.39999,258.39999,77133
2024-04-23,260.79999,265.39999,259.20001,264.85001,101514
2024-04-24,265.00000,275.00000,265.00000,270.10001,275886
2024-04-25,271.79999,274.54999,267.35001,268.89999,120886
2024-04-26,269.00000,278.14999,269.00000,272.10001,180747
2024-04-29,274.50000,274.85001,271.70001,274.10001,98215
2024-04-30,274.50000,278.54999,273.85001,274.75000,186636
2024-05-02,274.85001,292.50000,274.00000,290.25000,1138329
2024-05-03,292.45001,292.60001,286.29999,288.89999,317275
2024-05-06,288.89999,289.39999,281.29999,285.29999,194667
2024-05-07,286.50000,291.29999,280.20001,281.00000,285492
2024-05-08,280.35001,286.79999,279.25000,282.79999,158640
2024-05-09,283.50000,283.50000,269.95001,272.04999,160325
2024-05-10,271.95001,274.50000,267.29999,273.10001,88284
2024-05-13,273.10001,274.04999,267.14999,271.75000,60518
2024-05-14,273.00000,278.79999,271.29999,277.64999,62654
2024-05-15,277.39999,279.54999,274.14999,275.14999,39182
2024-05-16,276.00000,278.20001,265.95001,268.50000,129724
2024-05-17,268.39999,276.00000,268.00000,269.20001,190306
2024-05-21,271.00000,272.20001,265.04999,267.85001,204041
2024-05-22,269.00000,269.70001,264.60001,266.50000,138520
2024-05-23,268.14999,270.64999,266.04999,268.95001,106864
2024-05-24,268.95001,270.00000,265.14999,265.85001,84386
2024-05-27,260.04999,261.95001,247.14999,255.30000,443510
2024-05-28,257.00000,257.00000,250.10001,251.64999,88109
2024-05-29,250.50000,252.85001,246.20000,247.00000,108639
2024-05-30,245.20000,248.14999,245.20000,246.05000,66657
2024-05-31,246.05000,249.00000,243.89999,247.64999,85480
2024-06-03,252.00000,255.00000,249.00000,250.55000,109909
2024-06-04,252.00000,252.00000,225.00000,232.00000,265801
2024-06-05,235.70000,240.35001,227.50000,239.10001,285309
2024-06-06,242.50000,248.64999,240.00000,244.70000,161147
2024-06-07,247.25000,254.70000,245.50000,252.55000,133387
2024-06-10,251.75999,262.69000,246.14999,258.04999,137213
2024-06-11,258.25000,268.10001,258.23999,262.42999,210907
2024-06-12,260.79999,268.00000,259.94000,263.16000,106243
2024-06-13,263.16000,271.63000,262.44000,267.41000,241309
2024-06-14,269.00000,287.95001,267.51001,278.45999,988393
2024-06-18,280.00000,280.54999,275.41000,278.57999,230072
2024-06-19,280.00000,280.67999,270.51999,271.79001,137484
2024-06-20,271.79001,284.51001,270.87000,281.00000,319853
2024-06-21,281.00000,282.70001,274.70001,275.60999,205084
2024-06-24,274.39999,287.79999,274.39999,280.42001,458099
2024-06-25,280.42001,288.00000,278.39999,279.38000,328816
2024-06-26,279.00000,284.35999,276.39999,277.69000,262985
2024-06-27,278.64999,279.79999,269.50000,271.94000,161820
2024-06-28,272.54999,274.00000,270.13000,271.57001,85082
2024-07-01,271.00000,275.64999,271.00000,272.89999,80758
2024-07-02,272.00000,294.00000,272.00000,291.25000,2089305
2024-07-03,294.29999,300.95001,285.54999,287.14999,698277
2024-07-04,289.70001,290.00000,284.39999,285.45001,212358
2024-07-05,285.04999,287.64999,280.95001,282.89999,180551
2024-07-08,283.45001,285.95001,278.00000,279.39999,161755
2024-07-09,279.00000,283.95001,276.89999,278.04999,167565
2024-07-10,280.20001,280.20001,267.29999,270.79999,192136
2024-07-11,272.14999,276.04999,271.00000,272.75000,125887
2024-07-12,273.04999,279.14999,270.04999,270.60001,268552
2024-07-15,272.35001,274.00000,268.25000,271.45001,163495
2024-07-16,273.79999,277.00000,270.60001,271.85001,262173
2024-07-18,271.85001,271.89999,264.20001,265.35001,182029
2024-07-19,265.95001,265.95001,261.04999,261.75000,82856
2024-07-22,263.45001,265.04999,258.60001,260.95001,149632
2024-07-23,262.79999,262.79999,247.95000,256.60001,145883
2024-07-24,260.45001,265.95001,258.54999,263.20001,104086
2024-07-25,262.79999,262.89999,257.50000,258.35001,87688
2024-07-26,258.95001,263.04999,258.95001,260.70001,41970
2024-07-29,262.20001,262.89999,258.20001,259.60001,111435
2024-07-30,261.04999,263.89999,259.39999,259.89999,190210
2024-07-31,261.64999,263.50000,259.79999,261.04999,77268
2024-08-01,262.79999,263.10001,258.79999,259.79999,71059
2024-08-02,258.10001,260.89999,251.70000,252.39999,154155
2024-08-05,246.10001,250.70000,242.00000,242.35001,169497
2024-08-06,244.00000,250.64999,239.80000,241.55000,117249
2024-08-07,245.20000,246.45000,239.55000,241.95000,114579
2024-08-08,241.00000,246.85001,240.00000,242.05000,173164
2024-08-09,246.80000,246.80000,238.70000,239.10001,120229
2024-08-12,239.05000,241.50000,235.75000,238.25000,174715
2024-08-13,240.00000,240.20000,231.00000,231.95000,196818
2024-08-14,232.00000,232.00000,221.10001,222.60001,241501
2024-08-16,225.60001,230.00000,224.55000,228.60001,127568
2024-08-19,230.00000,233.55000,228.64999,229.25000,156935
2024-08-20,230.60001,233.70000,229.00000,229.39999,360318
2024-08-21,229.00000,239.00000,229.00000,234.50000,414284
2024-08-22,235.00000,237.14999,228.39999,230.05000,190459
2024-08-23,230.55000,231.00000,225.30000,228.39999,327250
2024-08-26,228.50000,232.60001,225.14999,225.85001,303097
2024-08-27,227.30000,237.60001,226.05000,234.80000,641744
2024-08-28,233.00000,236.50000,232.05000,232.95000,822429
2024-08-29,232.95000,234.70000,228.10001,228.85001,175023
2024-08-30,230.45000,230.95000,228.00000,228.70000,144007
2024-09-02,229.85001,230.85001,225.00000,225.59000,195271
2024-09-03,226.70000,228.70000,224.80000,225.08000,134463
2024-09-04,224.00000,225.00000,222.50000,222.83000,126894
2024-09-05,223.50000,226.00000,223.20000,223.50000,122376
2024-09-06,224.60001,224.94000,216.80000,217.99001,259242
2024-09-09,219.89999,220.50000,214.91000,219.69000,159024
2024-09-10,221.34000,223.78000,220.61000,222.08000,137055
2024-09-11,223.00000,223.00000,218.62000,219.34000,85047
2024-09-12,221.00000,222.47000,217.70000,218.53000,143064
2024-09-13,220.00000,223.50000,217.35001,219.02000,157565
2024-09-16,219.89999,220.89999,218.00000,218.63000,109952
2024-09-17,219.50000,220.95000,217.50000,217.80000,98892
2024-09-18,217.80000,220.80000,215.80000,216.95000,106722
2024-09-19,218.70000,219.67999,206.80000,211.10001,236486
2024-09-20,211.00000,216.80000,210.50000,213.39999,208038
2024-09-23,215.98000,217.00000,213.00000,214.05000,120705
2024-09-24,215.00000,216.50000,212.98000,213.27000,103596
2024-09-25,214.00000,214.19000,211.17999,211.80000,117308
2024-09-26,212.00000,213.39999,210.00999,212.05000,117845
2024-09-27,212.75000,216.44000,211.89999,212.21001,117151
2024-09-30,212.22000,213.48000,209.10001,210.14999,166739
2024-10-01,212.00000,212.00000,207.45000,208.39999,134719
2024-10-03,208.11000,210.89000,205.05000,206.61000,214689
2024-10-04,207.99001,212.80000,205.10001,206.77000,255278
2024-10-07,208.50000,208.50000,200.50000,201.02000,136385
2024-10-08,201.50000,202.75000,198.31000,200.96001,133968
2024-10-09,201.99001,207.99001,201.95000,205.53999,87336
2024-10-10,206.00000,206.89999,202.55000,202.85001,103561
2024-10-11,202.00000,207.45000,202.00000,206.07001,137050
2024-10-14,206.07001,209.97000,205.00000,209.06000,112070
2024-10-15,209.50000,209.50000,204.25000,205.21001,79260
2024-10-16,205.52000,207.27000,202.71001,203.83000,225358
2024-10-17,203.89000,204.39000,199.20000,200.78000,177425
2024-10-18,198.80000,200.14999,196.10001,197.06000,165588
2024-10-21,197.89000,202.00000,191.10001,192.13000,263815
2024-10-22,193.99001,193.99001,180.55000,182.00999,245767
2024-10-23,180.30000,184.69000,178.16000,180.24001,217807
2024-10-24,180.25000,186.55000,178.50999,182.03999,201622
2024-10-25,182.98000,184.60001,171.10001,174.50000,342962
2024-10-28,176.63000,179.23000,172.75999,175.75000,236954
2024-10-29,175.98000,179.00000,174.78000,178.73000,236405
2024-10-30,179.10001,181.35001,177.42999,177.89000,161323
2024-10-31,177.60001,179.75000,176.82001,178.12000,145178
2024-11-01,178.60001,182.60001,178.60001,181.37000,37881
2024-11-04,182.50000,182.50000,177.24001,179.58000,71680
2024-11-05,179.60001,180.09000,176.10001,177.62000,129920
2024-11-06,178.39999,183.00000,177.75999,181.81000,324622
2024-11-07,181.80000,184.78999,178.35001,179.16000,218780
2024-11-08,179.39999,179.39999,174.57001,175.24001,272682
2024-11-11,176.85001,176.85001,171.11000,172.23000,129834
2024-11-12,172.70000,174.25000,170.10001,171.14999,143383
2024-11-13,171.00000,171.00000,160.00000,162.27000,230972
2024-11-14,160.00000,165.89999,158.21001,163.77000,220777
2024-11-18,164.50000,165.89000,160.80000,162.75999,102282
2024-11-19,163.14999,168.59000,162.99001,164.21001,96296
2024-11-21,170.21001,172.80000,164.39000,165.42999,274694
2024-11-22,165.50999,167.00000,164.00999,165.92000,168423
2024-11-25,166.99001,169.39000,162.91000,164.62000,187935
2024-11-26,165.20000,172.28999,164.00999,166.66000,209634
2024-11-27,167.75000,168.80000,166.20000,167.00999,142124
2024-11-28,167.80000,172.64999,166.99001,169.92000,155373
2024-11-29,170.00000,172.06000,170.00000,171.17999,103265
2024-12-02,171.30000,184.50000,169.00000,182.70000,879268
2024-12-03,182.70000,184.52000,176.87000,177.66000,497360
2024-12-04,177.89999,178.67999,173.39999,174.92999,301630
2024-12-05,175.50000,185.89999,175.50000,184.09000,498253
2024-12-06,184.99001,190.39999,184.20000,188.25999,652187
2024-12-09,189.00000,195.00000,188.50000,190.81000,573946
2024-12-10,190.00000,191.27000,180.20000,181.05000,616740
2024-12-11,180.92999,184.60001,180.70000,182.17000,214339
2024-12-12,182.00000,182.56000,177.64999,178.14999,154764
2024-12-13,177.30000,179.00999,173.60001,177.34000,251528
2024-12-16,177.34000,207.00000,177.34000,199.48000,3822781
2024-12-17,199.48000,202.13000,192.00000,193.27000,676520
2024-12-18,191.71001,195.97000,186.00000,186.91000,476542
2024-12-19,185.89000,216.00000,184.52000,202.08000,5987749
2024-12-20,200.70000,216.59000,199.03999,207.28999,3276953
2024-12-23,208.64999,215.30000,201.50000,202.86000,1070480
2024-12-24,206.95000,207.30000,198.00000,198.81000,397470
2024-12-26,201.00000,203.99001,191.14999,194.03999,320907
2024-12-27,195.95000,201.00000,191.10001,192.13000,324158
2024-12-30,190.39999,195.64999,188.50000,189.06000,283625
2024-12-31,189.50000,192.59000,187.11000,187.84000,297963
2025-01-01,191.00000,199.50000,189.24001,197.82001,540783
2025-01-02,198.60001,203.89999,194.00000,200.67999,453795
2025-01-03,200.67999,204.72000,198.97000,200.19000,299352
2025-01-06,200.00000,201.80000,187.31000,189.02000,369701
2025-01-07,189.17999,198.45000,189.17999,193.78999,372205
2025-01-08,193.73000,197.87000,190.00000,190.82001,269560
2025-01-09,190.71001,194.39000,186.10001,186.77000,183406
2025-01-10,186.39999,194.00000,177.35001,179.32001,458701
2025-01-13,177.75000,180.03999,167.71001,169.67000,270281
2025-01-14,173.20000,175.80000,170.41000,173.72000,258096
2025-01-15,173.10001,176.99001,171.13000,172.75000,270461
2025-01-16,174.50000,179.50000,174.50000,177.62000,234645
2025-01-17,178.50000,183.00000,174.44000,180.12000,278445
2025-01-20,179.00000,180.39000,176.07001,177.49001,302629
2025-01-21,178.05000,179.73000,171.99001,172.45000,195715
2025-01-22,174.39999,174.72000,166.00000,168.39000,249183
2025-01-23,169.50000,172.59000,167.39999,170.38000,147510
2025-01-24,171.00000,171.72000,164.47000,165.30000,231843
2025-01-27,165.00000,165.00000,159.55000,163.14000,129105
2025-01-28,164.89000,169.45000,157.30000,166.58000,181567
2025-01-29,165.64999,171.89000,165.28999,167.17000,214847
2025-01-30,169.00000,173.50000,166.35001,168.38000,193575
2025-01-31,169.00000,169.50999,166.00000,167.92999,189318
2025-02-01,167.60001,171.00999,166.80000,169.89999,66110
2025-02-03,168.75000,168.75000,163.00000,165.62000,101086
2025-02-04,166.10001,168.53000,166.02000,166.81000,62488
2025-02-05,167.14999,169.36000,166.10001,167.08000,97005
2025-02-06,168.10001,168.82001,164.00999,165.37000,87504
2025-02-07,165.37000,166.07001,162.78999,163.11000,138114
2025-02-10,163.00000,163.00000,160.99001,161.82001,62906
2025-02-11,162.00000,162.00000,157.05000,159.41000,155587
2025-02-12,160.00000,160.95000,150.11000,157.00000,154748
2025-02-13,156.55000,160.89999,154.20000,155.39999,86691
2025-02-14,151.03000,151.99001,145.00000,145.37000,226944
2025-02-17,143.02000,146.84000,136.82001,142.57001,373047
2025-02-18,140.39999,142.00000,138.62000,140.03000,141803
2025-02-19,138.02000,142.08000,134.45000,136.67999,326459
2025-02-20,135.20000,138.80000,135.00000,137.20000,261784
2025-02-21,138.35001,140.30000,135.05000,135.53999,158329
2025-02-24,135.05000,136.73000,130.55000,133.09000,178095
2025-02-25,135.00000,135.14999,131.89999,132.46001,124925
2025-02-27,133.00000,133.00000,127.00000,127.70000,214141
2025-02-28,127.50000,130.20000,124.00000,126.84000,327750
2025-03-03,127.00000,130.99001,125.72000,130.00999,389076
2025-03-04,128.10001,133.94000,126.51000,128.25999,259819
2025-03-05,129.94000,131.85001,128.44000,130.89999,246786
2025-03-06,132.20000,139.50000,131.89999,138.31000,567239
2025-03-07,139.89999,139.89999,134.42999,135.03000,244685
2025-03-10,134.89999,135.95000,132.50000,134.35001,228341
2025-03-11,133.00000,133.00000,128.81000,131.81000,171584
2025-03-12,131.81000,133.00000,126.10000,126.57000,366535
2025-03-13,126.60000,127.70000,125.00000,125.75000,247163
2025-03-17,126.90000,126.90000,121.68000,123.27000,260612
2025-03-19,124.80000,130.28999,124.80000,128.33000,336224
2025-03-20,129.60001,131.00000,127.55000,129.49001,262646
2025-03-21,130.42000,133.30000,129.00999,129.60001,337846
2025-03-24,131.00000,133.38000,129.10001,130.03000,399579
2025-03-25,131.00000,132.48000,127.50000,128.42999,215875
2025-03-26,129.00000,130.27000,125.00000,126.33000,224051
2025-03-27,126.33000,128.49001,124.75000,127.21000,890713
2025-03-28,127.20000,130.42000,125.75000,126.29000,858997
2025-04-01,126.29000,134.34000,126.29000,131.39999,318172
2025-04-02,131.99001,132.00999,127.58000,128.10001,415353
2025-04-03,127.00000,130.85001,127.00000,130.32001,363671
2025-04-04,129.99001,130.98000,122.00000,123.92000,329020
2025-04-07,117.22000,122.67000,115.50000,120.69000,333055
2025-04-08,122.95000,124.96000,120.55000,124.36000,157048
2025-04-09,123.99000,124.36000,121.41000,121.91000,56324
2025-04-11,124.00000,127.95000,122.61000,126.84000,148508
2025-04-15,128.00000,130.98000,127.44000,128.92000,142637
2025-04-16,129.00000,131.50000,128.00999,130.67000,132826
2025-04-17,130.50000,132.50000,129.82001,130.64000,95595
2025-04-21,131.10001,134.85001,130.70000,134.17999,187248
2025-04-22,133.60001,137.09000,132.71001,135.73000,170841
2025-04-23,136.00000,137.00000,134.80000,136.02000,112322
2025-04-24,136.80000,137.89999,136.10001,136.53000,86361
2025-04-25,136.70000,137.28999,132.02000,133.63000,117490
2025-04-28,132.02000,134.83000,131.74001,133.74001,91149
2025-04-29,133.75000,136.99001,133.50000,134.24001,102178
2025-04-30,134.91000,135.24001,131.50000,131.64000,78426
2025-05-02,131.97000,133.80000,131.50000,131.80000,52936
2025-05-05,132.46001,133.67000,130.10001,132.96001,56477
2025-05-06,133.50000,133.50000,129.10001,130.31000,46558
2025-05-07,128.50000,133.00000,127.70000,132.55000,89115
2025-05-08,132.99001,133.80000,128.00999,129.25000,70467
2025-05-09,126.00000,128.06000,125.25000,126.74000,78414
2025-05-12,131.62000,134.00999,130.20000,132.50000,91574
2025-05-13,132.89999,139.89999,131.53000,138.87000,279307
2025-05-14,140.00000,146.25000,140.00000,145.36000,401418
2025-05-15,146.09000,151.53000,145.38000,150.12000,327038
2025-05-16,151.00999,163.00000,151.00999,161.19000,510664
2025-05-19,162.60001,169.80000,160.37000,168.94000,447793
2025-05-20,168.70000,169.39999,158.50000,160.13000,211327
2025-05-21,161.10001,166.00000,156.00000,165.44000,223940
2025-05-22,164.00000,168.59000,163.00000,166.42000,215522
2025-05-23,165.00999,168.36000,164.00000,166.56000,83332
2025-05-26,167.75000,172.00000,165.82001,169.42000,196987
2025-05-27,169.00000,170.70000,168.10001,169.19000,98031
2025-05-28,169.49001,170.17999,167.14999,167.81000,54919
2025-05-29,168.64000,169.70000,165.00000,165.42999,59496
2025-05-30,165.99001,166.25999,162.35001,162.98000,48820
2025-06-02,163.00000,167.95000,160.99001,167.20000,98934
2025-06-03,167.00999,170.12000,166.31000,168.87000,117560
2025-06-04,169.89000,169.89000,163.03999,164.83000,116949
2025-06-05,166.50000,167.32001,160.32001,161.69000,71263
2025-06-06,162.50000,164.00000,161.28000,163.25999,76225
2025-06-09,163.56000,176.37000,163.56000,170.36000,375212
2025-06-10,171.64000,171.70000,167.11000,169.35001,79443
2025-06-11,170.00000,174.00000,167.70000,169.66000,204754
2025-06-12,170.19000,171.34000,165.41000,167.99001,84180
2025-06-13,165.00000,166.64999,157.32001,161.05000,253391
2025-06-16,162.64999,162.89000,158.70000,160.60001,79097
2025-06-17,162.00000,162.00000,156.55000,157.35001,70095
2025-06-18,157.99001,160.67000,156.72000,157.60001,105763
2025-06-19,157.00000,158.00000,151.25000,152.72000,78768
2025-06-20,152.55000,156.50999,152.41000,155.45000,54393
2025-06-23,152.34000,155.00000,150.60001,153.08000,126206
2025-06-24,154.50000,169.00000,154.50000,162.64999,407275
2025-06-25,164.50000,167.10001,161.72000,164.58000,132572
2025-06-26,162.35001,166.00000,162.35001,164.75000,70404
2025-06-27,165.25000,167.00000,163.81000,166.09000,72314
2025-06-30,166.25000,170.25000,166.25000,167.67999,85541
2025-07-01,169.00000,171.00000,167.00000,169.08000,121656
2025-07-02,170.99001,170.99001,168.17000,169.87000,102555
2025-07-03,168.99001,171.74001,167.60001,169.39000,118275
2025-07-04,169.00000,184.89999,168.05000,183.52000,1182250
2025-07-07,185.80000,190.77000,184.35001,185.78999,815520
2025-07-08,185.00000,185.87000,177.21001,178.13000,410711
2025-07-09,179.00000,180.78000,175.11000,176.94000,225797
2025-07-10,177.50000,177.80000,172.60001,173.80000,134807
2025-07-11,174.00000,174.50000,168.35001,169.47000,164161
2025-07-14,169.47000,170.88000,165.81000,167.80000,139215
2025-07-15,166.60001,174.28999,166.60001,170.42000,161174
2025-07-16,171.00000,172.00000,169.50000,170.98000,59064
2025-07-17,170.70000,172.80000,170.16000,170.55000,65490
2025-07-18,170.56000,174.60001,168.75000,169.67999,97651
2025-07-21,169.00000,174.89999,168.72000,172.96001,117142
2025-07-22,173.11000,173.96001,168.75000,169.02000,46033
2025-07-23,170.00999,170.30000,167.50000,168.53000,46093
2025-07-24,169.50000,169.60001,166.78999,167.82001,66355
2025-07-25,168.28999,168.99001,164.00000,164.92000,95880
2025-07-28,160.00000,165.33000,155.63000,157.25999,206614
2025-07-29,156.10001,161.80000,156.10001,158.59000,116070
2025-07-30,159.89999,161.46001,158.67999,159.92000,72415
2025-07-31,158.50999,161.38000,156.41000,160.53000,71726
2025-08-01,161.00000,162.89000,155.02000,156.05000,80119
2025-08-04,156.10001,158.10001,156.10001,156.77000,36849
2025-08-05,157.59000,157.60001,153.50000,154.27000,48473
2025-08-06,154.27000,163.00000,153.07001,159.72000,191367
2025-08-07,159.00000,160.23000,155.00999,159.21001,67782
2025-08-08,160.00000,160.00000,154.11000,154.88000,31791
2025-08-11,154.88000,156.09000,153.44000,155.05000,45089
2025-08-12,155.89999,155.89999,152.00000,152.13000,40484
2025-08-13,152.80000,158.00000,151.99001,155.82001,120547
2025-08-14,158.10001,159.70000,155.00000,155.66000,80406
2025-08-18,156.69000,158.09000,155.96001,157.00000,32721
2025-08-19,157.20000,157.50000,156.14000,156.62000,32561
2025-08-20,156.25000,157.88000,156.17000,157.02000,25485
2025-08-21,158.00000,158.85001,154.44000,154.92000,57765
2025-08-22,154.60001,155.25000,153.31000,153.53999,33060
2025-08-25,160.00000,179.89999,160.00000,169.77000,8597535
2025-08-26,168.00000,168.00000,158.39999,161.67000,955568
2025-08-28,161.85001,165.60001,158.41000,161.03000,289798
2025-08-29,161.39999,166.50000,160.30000,162.42000,212662
2025-09-01,161.89999,164.53999,160.39999,163.00999,182947
2025-09-02,163.89999,167.60001,161.64999,162.50000,184787
2025-09-03,161.60001,166.39000,161.20000,163.16000,263116
2025-09-04,165.03999,169.89999,162.69000,164.42000,256107
2025-09-05,165.99001,166.50000,162.75999,163.94000,85936
2025-09-08,164.19000,165.66000,161.27000,163.17000,146648
2025-09-09,163.98000,164.39999,162.56000,164.10001,65595
2025-09-10,165.20000,166.60001,164.30000,165.19000,121495
2025-09-11,162.00000,163.49001,160.38000,161.45000,112054
2025-09-12,161.46001,162.38000,160.11000,160.92000,80319
2025-09-15,162.00000,162.12000,159.00000,160.00999,139852
2025-09-16,160.00999,161.50000,159.73000,160.32001,74352
2025-09-17,161.20000,161.99001,158.50000,159.60001,99958
2025-09-18,160.78999,161.00000,157.10001,158.19000,107090
2025-09-19,158.80000,158.89999,156.50999,157.10001,50164
2025-09-22,158.00000,159.08000,155.39999,156.20000,88885
2025-09-23,155.64999,156.62000,153.71001,154.62000,108440
2025-09-24,154.62000,155.80000,153.86000,154.75000,41412
2025-09-25,154.00999,154.64999,151.24001,152.03999,78835
2025-09-26,152.64999,153.20000,147.31000,149.50999,121088
2025-09-29,150.00999,150.80000,146.77000,148.06000,56128
2025-09-30,148.89999,175.75000,147.21001,158.27000,9830510
2025-10-01,157.49001,163.67999,156.34000,158.84000,1080455
2025-10-03,158.70000,165.39000,157.67000,161.78000,642144
2025-10-06,161.05000,164.99001,158.63000,159.56000,161439
2025-10-07,160.99001,160.99001,156.21001,157.03000,157420
2025-10-08,156.91000,161.00000,155.05000,159.03000,128108
2025-10-09,161.39999,161.39999,156.74001,157.24001,106398
2025-10-10,158.17999,159.63000,157.02000,158.13000,59324
2025-10-13,158.00000,158.09000,155.72000,156.17999,54177
2025-10-14,156.50000,157.20000,152.50000,152.83000,77215
2025-10-15,152.83000,155.25000,152.83000,154.61000,51382
2025-10-16,153.60001,155.96001,153.60001,154.14000,41453
2025-10-17,154.50000,154.50000,152.05000,152.84000,52149
2025-10-20,152.84000,153.63000,151.80000,152.99001,47747
2025-10-21,153.78999,157.95000,153.25000,155.42000,88931
2025-10-23,155.00000,158.48000,154.00999,154.66000,116714
2025-10-24,155.60001,155.70000,152.50999,153.14000,75234
2025-10-27,151.69000,155.28999,151.69000,154.24001,73454
2025-10-28,157.99001,166.66000,157.10001,158.70000,1547921
2025-10-29,158.99001,160.72000,158.10001,159.00000,158650
2025-10-30,158.11000,159.45000,154.85001,155.44000,117084
2025-10-31,155.50000,158.75999,154.37000,155.80000,111588
2025-11-03,154.11000,155.56000,154.00000,154.46001,37716
2025-11-04,154.10001,154.97000,152.07001,152.95000,44370
2025-11-06,153.60001,153.88000,151.00999,151.32001,44433
2025-11-07,151.00000,151.00000,149.00000,149.44000,70350
2025-11-10,150.00000,150.97000,148.00000,148.39000,77997
2025-11-11,150.00000,150.00999,146.78000,147.25999,55939
2025-11-12,148.28999,149.00000,147.00000,147.38000,67884
2025-11-13,147.38000,148.84000,146.52000,147.03999,41671
2025-11-14,146.89999,149.48000,146.50999,147.38000,53036
2025-11-17,148.11000,149.99001,147.56000,149.39999,52293
2025-11-18,149.60001,149.71001,146.60001,147.75000,37369
2025-11-19,146.50000,147.10001,146.12000,146.30000,79428
2025-11-20,146.70000,148.17000,146.12000,146.50999,31004
2025-11-21,146.70000,147.50999,145.48000,146.10001,29593
2025-11-24,146.28999,146.49001,142.36000,143.60001,40379
2025-11-25,142.50000,144.39000,138.00000,142.08000,100600
2025-11-26,142.56000,144.80000,141.50999,144.28000,30690
2025-11-27,144.55000,145.44000,143.50000,144.64999,25649
2025-11-28,143.50999,144.50999,142.91000,143.96001,30253
2025-12-01,144.80000,147.17000,143.00000,143.62000,53332
2025-12-02,143.00000,143.42000,141.50000,142.14000,19912
2025-12-03,142.00999,143.89999,139.72000,139.97000,38597
2025-12-04,140.11000,142.00999,139.50999,140.47000,26135
2025-12-05,141.28999,141.28999,139.42999,140.69000,19918
2025-12-08,141.10001,141.10001,135.20000,136.11000,51817
2025-12-09,136.00000,140.94000,134.00000,140.42000,56234
2025-12-10,141.00000,141.99001,139.99001,141.27000,22923
2025-12-11,140.58000,144.98000,140.56000,143.28000,27974
2025-12-12,141.60001,144.10001,141.60001,143.06000,19879
2025-12-15,142.00999,144.00000,142.00999,143.11000,29156
2025-12-16,142.03000,145.69000,142.03000,144.17999,32588
2025-12-17,143.00000,145.50000,143.00000,143.88000,31078
2025-12-18,143.31000,143.78999,139.32001,140.28999,39956
2025-12-19,138.70000,144.00000,138.41000,143.58000,74503
2025-12-22,143.98000,145.49001,143.17000,144.25000,43095
2025-12-23,144.50000,145.20000,142.42999,144.27000,28404
2025-12-24,143.84000,145.20000,143.50000,144.47000,27606
2025-12-26,144.00000,146.50000,143.49001,144.03999,78981
2025-12-29,144.78000,147.00000,144.05000,144.89999,66242
2025-12-30,144.99001,146.00000,143.31000,144.75000,24040
2025-12-31,145.19000,145.58000,142.00000,143.57001,56207
2026-01-01,143.60001,144.69000,142.21001,142.73000,36881
2026-01-02,142.11000,148.34000,142.11000,146.13000,55415
2026-01-05,144.50000,146.49001,142.82001,144.77000,49949
2026-01-06,143.00999,144.96001,143.00000,143.34000,31703
2026-01-07,143.34000,144.60001,143.06000,143.99001,29997
2026-01-08,143.30000,145.78999,140.00999,141.34000,37187
2026-01-09,139.50000,142.75000,138.42000,139.44000,47923
2026-01-12,139.00000,139.69000,136.61000,138.33000,38204
2026-01-13,138.33000,140.89000,138.33000,140.39000,23924
2026-01-14,139.00000,141.59000,139.00000,139.92999,28867
2026-01-16,138.50000,140.27000,138.00000,138.67000,38461
2026-01-19,137.00000,138.00000,136.02000,137.24001,26293
2026-01-20,137.00000,137.30000,134.00000,134.99001,43116
2026-01-21,132.89999,134.34000,131.06000,132.81000,85690
2026-01-22,133.33000,136.19000,132.42000,133.80000,49645
2026-01-23,133.00000,135.98000,130.00000,130.53000,43850
2026-01-27,130.53000,132.64000,128.75000,130.78999,73542
2026-01-28,132.00999,144.80000,129.72000,140.23000,1584296
2026-01-29,138.00999,140.98000,134.00000,134.62000,88028
2026-01-30,133.10001,136.35001,131.42000,132.92999,149185
2026-02-02,131.10001,136.00000,130.00000,134.16000,97675
2026-02-03,138.00000,138.00000,133.50000,133.84000,75909
2026-02-04,133.84000,145.09000,133.49001,139.95000,346994
2026-02-05,141.00000,146.00000,139.42000,143.11000,125682
2026-02-06,143.11000,144.80000,139.71001,140.84000,74259
2026-02-09,141.41000,143.63000,139.03999,142.67000,105160
2026-02-10,143.25000,150.62000,143.08000,144.13000,143805
2026-02-11,144.75000,149.70000,139.23000,146.50000,172512
2026-02-12,146.50000,147.17000,141.50000,142.08000,110030
2026-02-13,142.60001,145.48000,139.23000,143.49001,91131
2026-02-16,143.00000,143.69000,139.60001,139.92000,44276
2026-02-17,139.94000,141.75000,138.21001,140.41000,72521
2026-02-18,140.80000,144.00000,140.50000,141.57001,63206
2026-02-19,140.60001,141.70000,137.50000,138.11000,48295
2026-02-20,137.49001,138.89999,135.72000,138.05000,31450
2026-02-23,138.38000,138.89999,135.50999,136.88000,35935
2026-02-24,136.88000,137.10001,135.30000,136.16000,24646
2026-02-25,136.12000,137.80000,135.00999,135.42999,43652
2026-02-26,135.80000,140.27000,135.80000,136.92999,78961
2026-02-27,136.80000,138.46001,136.00000,136.74001,39091
2026-03-02,132.00999,135.50999,132.00000,133.50999,77924
2026-03-04,130.10001,132.50000,129.02000,132.07001,70208
2026-03-05,132.07001,140.77000,129.36000,138.24001,189540
2026-03-06,136.89999,138.50999,135.00999,137.49001,55096
2026-03-09,136.36000,138.70000,131.75999,137.89000,201664
2026-03-10,138.30000,142.80000,136.24001,136.80000,213173
2026-03-11,137.05000,139.89999,137.00000,138.34000,57009
2026-03-12,137.96001,139.80000,135.00000,137.11000,267964
2026-03-13,136.85001,139.80000,134.00000,135.49001,160442
2026-03-16,135.63000,136.78000,130.95000,134.66000,122214
2026-03-17,133.00000,135.67999,132.10001,133.25999,86185
2026-03-18,133.25999,136.71001,133.25999,134.96001,65159
2026-03-19,133.10001,134.78999,129.12000,129.78999,50102
2026-03-20,130.25000,132.89999,130.00000,131.64999,12649
